Wavelength	SysResRem
2600.0	3.275806E-06
2610.0	5.791524E-06
2620.0	2.150172E-06
2630.0	4.689877E-06
2640.0	2.430741E-06
2650.0	5.972407E-06
2660.0	5.936680E-06
2670.0	5.469455E-06
2680.0	6.582069E-06
2690.0	4.356159E-06
2700.0	7.327700E-06
2710.0	6.275005E-06
2720.0	9.228406E-06
2730.0	9.245114E-06
2740.0	8.693080E-06
2750.0	1.165408E-05
2760.0	1.175162E-05
2770.0	1.282331E-05
2780.0	1.684117E-05
2790.0	1.748807E-05
2800.0	2.141617E-05
2810.0	2.462710E-05
2820.0	2.668152E-05
2830.0	3.056096E-05
2840.0	3.370009E-05
2850.0	3.730422E-05
2860.0	4.024393E-05
2870.0	4.557538E-05
2880.0	4.965057E-05
2890.0	5.056146E-05
2900.0	5.231439E-05
2910.0	5.575593E-05
2920.0	6.054667E-05
2930.0	6.136478E-05
2940.0	6.335571E-05
2950.0	6.510817E-05
2960.0	6.832025E-05
2970.0	6.853798E-05
2980.0	7.285040E-05
2990.0	6.988703E-05
3000.0	6.791172E-05
3010.0	6.877049E-05
3020.0	6.803544E-05
3030.0	6.622161E-05
3040.0	6.937815E-05
3050.0	6.617034E-05
3060.0	6.274761E-05
3070.0	6.158535E-05
3080.0	5.700001E-05
3090.0	5.262154E-05
3100.0	4.880081E-05
3110.0	5.127287E-05
3120.0	4.754138E-05
3130.0	5.091401E-05
3140.0	5.417094E-05
3150.0	5.563692E-05
3160.0	5.799585E-05
3170.0	5.436471E-05
3180.0	5.655108E-05
3190.0	5.555167E-05
3200.0	5.909960E-05
3210.0	6.276338E-05
3220.0	6.379623E-05
3230.0	7.038048E-05
3240.0	7.257329E-05
3250.0	7.532702E-05
3260.0	7.433238E-05
3270.0	7.507252E-05
3280.0	7.390054E-05
3290.0	7.492146E-05
3300.0	7.387930E-05
3310.0	6.992930E-05
3320.0	6.659871E-05
3330.0	6.473781E-05
3340.0	6.461892E-05
3350.0	6.061451E-05
3360.0	5.601799E-05
3370.0	5.173693E-05
3380.0	5.156494E-05
3390.0	4.907210E-05
3400.0	4.618206E-05
3410.0	4.593220E-05
3420.0	4.350576E-05
3430.0	4.094281E-05
3440.0	3.997335E-05
3450.0	3.990360E-05
3460.0	4.076050E-05
3470.0	4.035904E-05
3480.0	3.785441E-05
3490.0	3.781228E-05
3500.0	3.512014E-05
3510.0	3.713866E-05
3520.0	3.597562E-05
3530.0	3.660521E-05
3540.0	3.715328E-05
3550.0	3.612163E-05
3560.0	3.438142E-05
3570.0	3.918340E-05
3580.0	3.662868E-05
3590.0	3.663753E-05
3600.0	3.452095E-05
3610.0	3.589324E-05
3620.0	3.625622E-05
3630.0	3.666979E-05
3640.0	3.751978E-05
3650.0	3.395925E-05
3660.0	3.551199E-05
3670.0	3.298902E-05
3680.0	3.441551E-05
3690.0	3.234968E-05
3700.0	3.103184E-05
3710.0	3.128881E-05
3720.0	3.190292E-05
3730.0	3.056436E-05
3740.0	3.051676E-05
3750.0	3.081676E-05
3760.0	3.419309E-05
3770.0	3.061942E-05
3780.0	2.971284E-05
3790.0	2.778922E-05
3800.0	2.852595E-05
3810.0	2.536266E-05
3820.0	2.902009E-05
3830.0	2.538694E-05
3840.0	2.794679E-05
3850.0	2.548127E-05
3860.0	2.683648E-05
3870.0	2.582548E-05
3880.0	2.611964E-05
3890.0	2.643445E-05
3900.0	2.340840E-05
3910.0	2.550247E-05
3920.0	2.395724E-05
3930.0	2.551951E-05
3940.0	2.349104E-05
3950.0	2.289602E-05
3960.0	2.335785E-05
3970.0	2.056296E-05
3980.0	2.147065E-05
3990.0	1.834257E-05
4000.0	2.136216E-05
4010.0	2.091550E-05
4020.0	2.322526E-05
4030.0	2.081725E-05
4040.0	2.033871E-05
4050.0	1.990451E-05
4060.0	1.823739E-05
4070.0	1.736327E-05
4080.0	2.017735E-05
4090.0	1.738836E-05
4100.0	1.959796E-05
4110.0	1.790152E-05
4120.0	1.629056E-05
4130.0	1.649273E-05
4140.0	1.479004E-05
4150.0	1.816252E-05
4160.0	1.648000E-05
4170.0	1.442897E-05
4180.0	1.516491E-05
4190.0	1.662883E-05
4200.0	1.760839E-05
4210.0	1.521071E-05
4220.0	1.387711E-05
4230.0	1.301469E-05
4240.0	1.492687E-05
4250.0	1.506633E-05
4260.0	1.300139E-05
4270.0	1.405900E-05
4280.0	1.375898E-05
4290.0	1.198937E-05
4300.0	1.323220E-05
4310.0	9.899424E-06
4320.0	1.180807E-05
4330.0	1.082999E-05
4340.0	1.185458E-05
4350.0	1.237206E-05
4360.0	1.094126E-05
4370.0	1.449203E-05
4380.0	1.363254E-05
4390.0	1.276734E-05
4400.0	1.072484E-05
4410.0	1.140752E-05
4420.0	8.804219E-06
4430.0	1.237004E-05
4440.0	9.515960E-06
4450.0	9.180179E-06
4460.0	8.307033E-06
4470.0	8.968604E-06
4480.0	1.055684E-05
4490.0	8.470437E-06
4500.0	7.146723E-06
4510.0	1.181270E-05
4520.0	1.041335E-05
4530.0	6.524329E-06
4540.0	4.047665E-06
4550.0	1.029275E-05
4560.0	7.256864E-06
4570.0	7.907355E-06
4580.0	9.616807E-06
4590.0	9.319059E-06
4600.0	1.029723E-05
4610.0	4.802845E-06
4620.0	8.198097E-06
4630.0	8.804804E-06
4640.0	7.545376E-06
4650.0	7.920334E-06
4660.0	7.927516E-06
4670.0	9.930906E-06
4680.0	6.757909E-06
4690.0	4.892413E-06
4700.0	4.845040E-06
4710.0	8.542302E-06
4720.0	9.066534E-06
4730.0	7.612849E-06
4740.0	7.886866E-06
4750.0	7.830808E-06
4760.0	6.833981E-06
4770.0	7.934752E-06
4780.0	8.747791E-06
4790.0	5.410090E-06
4800.0	4.367484E-06
4810.0	5.906905E-06
4820.0	2.863044E-06
4830.0	6.578437E-06
4840.0	4.575061E-06
4850.0	5.353411E-06
4860.0	2.153635E-06
4870.0	3.420333E-06
4880.0	3.598117E-06
4890.0	4.930789E-06
4900.0	4.341822E-06
4910.0	8.626503E-06
4920.0	6.288507E-06
4930.0	6.864339E-06
4940.0	3.616044E-06
4950.0	4.442015E-06
4960.0	6.968405E-06
4970.0	5.263422E-06
4980.0	2.445017E-06
4990.0	4.649250E-06
5000.0	6.550188E-06
