**	Sample ID: sysres			
**	Laser Power: N/A			
**	Measurement Type: Photoluminescence Intensity			
**	8/21/2012	9:37 PM		
**	"Grating: varies”			
**	Time Constant: 100 ms			
**	Notes: combined sysres; abs. rem.; blackbody rem.; normalized;			
				
Wavelength (nm)	RAW (A.U.)	Sys.Resp.Rem	SRR & Norm.	Normalized
**************************************************************************				
1500	8.34926E-02	0	0	0
1501	8.80519E-02	0	0	0
1502	9.32328E-02	0	0	0
1503	9.75854E-02	0	0	0
1504	1.02564E-01	0	0	0
1505	1.08238E-01	0	0	0
1506	1.14092E-01	0	0	0
1507	1.19170E-01	0	0	0
1508	1.26659E-01	0	0	0
1509	1.31383E-01	0	0	0
1510	1.38172E-01	0	0	0
1511	1.44425E-01	0	0	0
1512	1.51013E-01	0	0	0
1513	1.57588E-01	0	0	0
1514	1.65345E-01	0	0	0
1515	1.72559E-01	0	0	0
1516	1.79643E-01	0	0	0
1517	1.87752E-01	0	0	0
1518	1.94505E-01	0	0	0
1519	2.01310E-01	0	0	0
1520	2.09045E-01	0	0	0
1521	2.15984E-01	0	0	0
1522	2.22932E-01	0	0	0
1523	2.29907E-01	0	0	0
1524	2.37172E-01	0	0	0
1525	2.44752E-01	0	0	0
1526	2.51275E-01	0	0	0
1527	2.57018E-01	0	0	0
1528	2.62595E-01	0	0	0
1529	2.68513E-01	0	0	0
1530	2.74858E-01	0	0	0
1531	2.80254E-01	0	0	0
1532	2.86800E-01	0	0	0
1533	2.93881E-01	0	0	0
1534	3.00430E-01	0	0	0
1535	3.08463E-01	0	0	0
1536	3.15742E-01	0	0	0
1537	3.23120E-01	0	0	0
1538	3.30861E-01	0	0	0
1539	3.37556E-01	0	0	0
1540	3.44258E-01	0	0	0
1541	3.50280E-01	0	0	0
1542	3.57465E-01	0	0	0
1543	3.64502E-01	0	0	0
1544	3.70149E-01	0	0	0
1545	3.76583E-01	0	0	0
1546	3.81607E-01	0	0	0
1547	3.87785E-01	0	0	0
1548	3.93086E-01	0	0	0
1549	3.98146E-01	0	0	0
1550	4.02786E-01	0	0	0
1551	4.07634E-01	0	0	0
1552	4.12111E-01	0	0	0
1553	4.18085E-01	0	0	0
1554	4.21506E-01	0	0	0
1555	4.25133E-01	0	0	0
1556	4.29892E-01	0	0	0
1557	4.34751E-01	0	0	0
1558	4.37981E-01	0	0	0
1559	4.42271E-01	0	0	0
1560	4.46028E-01	0	0	0
1561	4.50860E-01	0	0	0
1562	4.53480E-01	0	0	0
1563	4.58376E-01	0	0	0
1564	4.61214E-01	0	0	0
1565	4.64552E-01	0	0	0
1566	4.67688E-01	0	0	0
1567	4.71674E-01	0	0	0
1568	4.74003E-01	0	0	0
1569	4.78210E-01	0	0	0
1570	4.81775E-01	0	0	0
1571	4.85021E-01	0	0	0
1572	4.88535E-01	0	0	0
1573	4.91729E-01	0	0	0
1574	4.95635E-01	0	0	0
1575	4.97795E-01	0	0	0
1576	5.02754E-01	0	0	0
1577	5.06328E-01	0	0	0
1578	5.11161E-01	0	0	0
1579	5.14514E-01	0	0	0
1580	5.17091E-01	0	0	0
1581	5.21994E-01	0	0	0
1582	5.25773E-01	0	0	0
1583	5.29319E-01	0	0	0
1584	5.33080E-01	0	0	0
1585	5.35013E-01	0	0	0
1586	5.39043E-01	0	0	0
1587	5.43314E-01	0	0	0
1588	5.46550E-01	0	0	0
1589	5.49743E-01	0	0	0
1590	5.54149E-01	0	0	0
1591	5.58423E-01	0	0	0
1592	5.61339E-01	0	0	0
1593	5.64761E-01	0	0	0
1594	5.68866E-01	0	0	0
1595	5.72574E-01	0	0	0
1596	5.77738E-01	0	0	0
1597	5.80603E-01	0	0	0
1598	5.86040E-01	0	0	0
1599	5.89322E-01	0	0	0
1600	5.93587E-01	0	0	0
1601	5.96818E-01	0	0	0
1602	5.99657E-01	0	0	0
1603	6.04231E-01	0	0	0
1604	6.07870E-01	0	0	0
1605	6.09790E-01	0	0	0
1606	6.15494E-01	0	0	0
1607	6.18919E-01	0	0	0
1608	6.22293E-01	0	0	0
1609	6.25062E-01	0	0	0
1610	6.28963E-01	0	0	0
1611	6.31337E-01	0	0	0
1612	6.35387E-01	0	0	0
1613	6.39228E-01	0	0	0
1614	6.43651E-01	0	0	0
1615	6.47104E-01	0	0	0
1616	6.50865E-01	0	0	0
1617	6.52727E-01	0	0	0
1618	6.56825E-01	0	0	0
1619	6.58923E-01	0	0	0
1620	6.59252E-01	0	0	0
1621	6.65882E-01	0	0	0
1622	6.68027E-01	0	0	0
1623	6.70000E-01	0	0	0
1624	6.72044E-01	0	0	0
1625	6.74052E-01	0	0	0
1626	6.76285E-01	0	0	0
1627	6.80536E-01	0	0	0
1628	6.83769E-01	0	0	0
1629	6.86544E-01	0	0	0
1630	6.88174E-01	0	0	0
1631	6.89087E-01	0	0	0
1632	6.90255E-01	0	0	0
1633	6.93117E-01	0	0	0
1634	6.96381E-01	0	0	0
1635	6.95464E-01	0	0	0
1636	6.97570E-01	0	0	0
1637	6.98636E-01	0	0	0
1638	7.00947E-01	0	0	0
1639	7.01339E-01	0	0	0
1640	7.02056E-01	0	0	0
1641	7.03071E-01	0	0	0
1642	7.05203E-01	0	0	0
1643	7.05496E-01	0	0	0
1644	7.04958E-01	0	0	0
1645	7.07535E-01	0	0	0
1646	7.08068E-01	0	0	0
1647	7.10022E-01	0	0	0
1648	7.10316E-01	0	0	0
1649	7.08453E-01	0	0	0
1650	7.10977E-01	0	0	0
1651	7.11994E-01	0	0	0
1652	7.12336E-01	0	0	0
1653	7.12126E-01	0	0	0
1654	7.12729E-01	0	0	0
1655	7.12353E-01	0	0	0
1656	7.12799E-01	0	0	0
1657	7.12844E-01	0	0	0
1658	7.11894E-01	0	0	0
1659	7.12192E-01	0	0	0
1660	7.12313E-01	0	0	0
1661	7.13278E-01	0	0	0
1662	7.11904E-01	0	0	0
1663	7.13647E-01	0	0	0
1664	7.13453E-01	0	0	0
1665	7.12414E-01	0	0	0
1666	7.11559E-01	0	0	0
1667	7.10438E-01	0	0	0
1668	7.10169E-01	0	0	0
1669	7.10793E-01	0	0	0
1670	7.10317E-01	0	0	0
1671	7.08469E-01	0	0	0
1672	7.07404E-01	0	0	0
1673	7.08141E-01	0	0	0
1674	7.06314E-01	0	0	0
1675	7.05592E-01	0	0	0
1676	7.02637E-01	0	0	0
1677	7.01459E-01	0	0	0
1678	7.01725E-01	0	0	0
1679	7.00358E-01	0	0	0
1680	6.97459E-01	0	0	0
1681	6.96924E-01	0	0	0
1682	6.96123E-01	0	0	0
1683	6.94146E-01	0	0	0
1684	6.93231E-01	0	0	0
1685	6.91106E-01	0	0	0
1686	6.89454E-01	0	0	0
1687	6.87047E-01	0	0	0
1688	6.87550E-01	0	0	0
1689	6.84977E-01	0	0	0
1690	6.83294E-01	0	0	0
1691	6.82608E-01	0	0	0
1692	6.79929E-01	0	0	0
1693	6.78145E-01	0	0	0
1694	6.77067E-01	0	0	0
1695	6.75798E-01	0	0	0
1696	6.73410E-01	0	0	0
1697	6.71359E-01	0	0	0
1698	6.70764E-01	0	0	0
1699	6.69157E-01	0	0	0
1700	6.67905E-01	0	0	0
1701	6.66737E-01	0	0	0
1702	6.66299E-01	0	0	0
1703	6.64733E-01	0	0	0
1704	6.63920E-01	0	0	0
1705	6.61547E-01	0	0	0
1706	6.58631E-01	0	0	0
1707	6.57770E-01	0	0	0
1708	6.56096E-01	0	0	0
1709	6.56265E-01	0	0	0
1710	6.55057E-01	0	0	0
1711	6.53435E-01	0	0	0
1712	6.51747E-01	0	0	0
1713	6.51051E-01	0	0	0
1714	6.50071E-01	0	0	0
1715	6.47616E-01	0	0	0
1716	6.45237E-01	0	0	0
1717	6.43598E-01	0	0	0
1718	6.42122E-01	0	0	0
1719	6.41708E-01	0	0	0
1720	6.41062E-01	0	0	0
1721	6.39617E-01	0	0	0
1722	6.38795E-01	0	0	0
1723	6.37033E-01	0	0	0
1724	6.34181E-01	0	0	0
1725	6.32499E-01	0	0	0
1726	6.32025E-01	0	0	0
1727	6.30461E-01	0	0	0
1728	6.28185E-01	0	0	0
1729	6.27415E-01	0	0	0
1730	6.26194E-01	0	0	0
1731	6.23567E-01	0	0	0
1732	6.21028E-01	0	0	0
1733	6.19700E-01	0	0	0
1734	6.18215E-01	0	0	0
1735	6.16653E-01	0	0	0
1736	6.17536E-01	0	0	0
1737	6.16723E-01	0	0	0
1738	6.16305E-01	0	0	0
1739	6.15453E-01	0	0	0
1740	6.13641E-01	0	0	0
1741	6.13908E-01	0	0	0
1742	6.13504E-01	0	0	0
1743	6.11622E-01	0	0	0
1744	6.09238E-01	0	0	0
1745	6.10083E-01	0	0	0
1746	6.09220E-01	0	0	0
1747	6.08856E-01	0	0	0
1748	6.07328E-01	0	0	0
1749	6.07066E-01	0	0	0
1750	6.05857E-01	0	0	0
1751	6.05967E-01	0	0	0
1752	6.05758E-01	0	0	0
1753	6.05317E-01	0	0	0
1754	6.05352E-01	0	0	0
1755	6.02360E-01	0	0	0
1756	6.00334E-01	0	0	0
1757	6.01680E-01	0	0	0
1758	6.00651E-01	0	0	0
1759	5.99828E-01	0	0	0
1760	5.99882E-01	0	0	0
1761	6.00823E-01	0	0	0
1762	5.99164E-01	0	0	0
1763	5.98363E-01	0	0	0
1764	5.98102E-01	0	0	0
1765	5.97004E-01	0	0	0
1766	5.95604E-01	0	0	0
1767	5.96125E-01	0	0	0
1768	5.95303E-01	0	0	0
1769	5.95083E-01	0	0	0
1770	5.95023E-01	0	0	0
1771	5.94177E-01	0	0	0
1772	5.93956E-01	0	0	0
1773	5.94912E-01	0	0	0
1774	5.93102E-01	0	0	0
1775	5.93839E-01	0	0	0
1776	5.92325E-01	0	0	0
1777	5.91569E-01	0	0	0
1778	5.90763E-01	0	0	0
1779	5.90430E-01	0	0	0
1780	5.89082E-01	0	0	0
1781	5.88507E-01	0	0	0
1782	5.88941E-01	0	0	0
1783	5.89245E-01	0	0	0
1784	5.88135E-01	0	0	0
1785	5.88016E-01	0	0	0
1786	5.86861E-01	0	0	0
1787	5.86106E-01	0	0	0
1788	5.86478E-01	0	0	0
1789	5.85244E-01	0	0	0
1790	5.84425E-01	0	0	0
1791	5.85998E-01	0	0	0
1792	5.84742E-01	0	0	0
1793	5.84596E-01	0	0	0
1794	5.83681E-01	0	0	0
1795	5.83173E-01	0	0	0
1796	5.83471E-01	0	0	0
1797	5.82222E-01	0	0	0
1798	5.81582E-01	0	0	0
1799	5.80462E-01	0	0	0
1800	5.79789E-01	0	0	0
1801	5.80522E-01	0	0	0
1802	5.80709E-01	0	0	0
1803	5.81143E-01	0	0	0
1804	5.80324E-01	0	0	0
1805	5.79704E-01	0	0	0
1806	5.80884E-01	0	0	0
1807	5.79798E-01	0	0	0
1808	5.80558E-01	0	0	0
1809	5.79988E-01	0	0	0
1810	5.80540E-01	0	0	0
1811	5.80542E-01	0	0	0
1812	5.80501E-01	0	0	0
1813	5.79784E-01	0	0	0
1814	5.78569E-01	0	0	0
1815	5.78809E-01	0	0	0
1816	5.78285E-01	0	0	0
1817	5.77872E-01	0	0	0
1818	5.77625E-01	0	0	0
1819	5.77113E-01	0	0	0
1820	5.77144E-01	0	0	0
1821	5.76410E-01	0	0	0
1822	5.75044E-01	0	0	0
1823	5.75661E-01	0	0	0
1824	5.75536E-01	0	0	0
1825	5.75639E-01	0	0	0
1826	5.75669E-01	0	0	0
1827	5.76065E-01	0	0	0
1828	5.74144E-01	0	0	0
1829	5.74305E-01	0	0	0
1830	5.73395E-01	0	0	0
1831	5.74466E-01	0	0	0
1832	5.72465E-01	0	0	0
1833	5.71791E-01	0	0	0
1834	5.71229E-01	0	0	0
1835	5.71504E-01	0	0	0
1836	5.71587E-01	0	0	0
1837	5.71187E-01	0	0	0
1838	5.69124E-01	0	0	0
1839	5.68371E-01	0	0	0
1840	5.67489E-01	0	0	0
1841	5.68632E-01	0	0	0
1842	5.68766E-01	0	0	0
1843	5.67859E-01	0	0	0
1844	5.66788E-01	0	0	0
1845	5.66741E-01	0	0	0
1846	5.66384E-01	0	0	0
1847	5.65653E-01	0	0	0
1848	5.66222E-01	0	0	0
1849	5.66318E-01	0	0	0
1850	5.65181E-01	0	0	0
1851	5.65026E-01	0	0	0
1852	5.65590E-01	0	0	0
1853	5.64591E-01	0	0	0
1854	5.64172E-01	0	0	0
1855	5.63162E-01	0	0	0
1856	5.62022E-01	0	0	0
1857	5.62023E-01	0	0	0
1858	5.60022E-01	0	0	0
1859	5.59923E-01	0	0	0
1860	5.59418E-01	0	0	0
1861	5.58032E-01	0	0	0
1862	5.58559E-01	0	0	0
1863	5.59450E-01	0	0	0
1864	5.59262E-01	0	0	0
1865	5.58428E-01	0	0	0
1866	5.57634E-01	0	0	0
1867	5.56484E-01	0	0	0
1868	5.53446E-01	0	0	0
1869	5.52725E-01	0	0	0
1870	5.53511E-01	0	0	0
1871	5.51559E-01	0	0	0
1872	5.51836E-01	0	0	0
1873	5.50256E-01	0	0	0
1874	5.50385E-01	0	0	0
1875	5.50262E-01	0	0	0
1876	5.50628E-01	0	0	0
1877	5.51042E-01	0	0	0
1878	5.49881E-01	0	0	0
1879	5.47578E-01	0	0	0
1880	5.46790E-01	0	0	0
1881	5.46294E-01	0	0	0
1882	5.45009E-01	0	0	0
1883	5.43707E-01	0	0	0
1884	5.42912E-01	0	0	0
1885	5.41784E-01	0	0	0
1886	5.40916E-01	0	0	0
1887	5.39916E-01	0	0	0
1888	5.39024E-01	0	0	0
1889	5.37648E-01	0	0	0
1890	5.35905E-01	0	0	0
1891	5.35151E-01	0	0	0
1892	5.36423E-01	0	0	0
1893	5.34311E-01	0	0	0
1894	5.31867E-01	0	0	0
1895	5.31852E-01	0	0	0
1896	5.31062E-01	0	0	0
1897	5.31514E-01	0	0	0
1898	5.30285E-01	0	0	0
1899	5.29347E-01	0	0	0
1900	5.29006E-01	0	0	0
1901	5.27937E-01	0	0	0
1902	5.27684E-01	0	0	0
1903	5.25761E-01	0	0	0
1904	5.25822E-01	0	0	0
1905	5.24528E-01	0	0	0
1906	5.25396E-01	0	0	0
1907	5.25057E-01	0	0	0
1908	5.23119E-01	0	0	0
1909	5.22455E-01	0	0	0
1910	5.21489E-01	0	0	0
1911	5.21263E-01	0	0	0
1912	5.21601E-01	0	0	0
1913	5.21667E-01	0	0	0
1914	5.20220E-01	0	0	0
1915	5.19990E-01	0	0	0
1916	5.18310E-01	0	0	0
1917	5.17324E-01	0	0	0
1918	5.15920E-01	0	0	0
1919	5.15730E-01	0	0	0
1920	5.14865E-01	0	0	0
1921	5.13368E-01	0	0	0
1922	5.12867E-01	0	0	0
1923	5.11959E-01	0	0	0
1924	5.10745E-01	0	0	0
1925	5.10635E-01	0	0	0
1926	5.09853E-01	0	0	0
1927	5.09057E-01	0	0	0
1928	5.07904E-01	0	0	0
1929	5.07826E-01	0	0	0
1930	5.07073E-01	0	0	0
1931	5.07011E-01	0	0	0
1932	5.06189E-01	0	0	0
1933	5.05800E-01	0	0	0
1934	5.05579E-01	0	0	0
1935	5.03492E-01	0	0	0
1936	5.03100E-01	0	0	0
1937	5.01613E-01	0	0	0
1938	5.01018E-01	0	0	0
1939	5.00723E-01	0	0	0
1940	5.00509E-01	0	0	0
1941	4.98916E-01	0	0	0
1942	4.98032E-01	0	0	0
1943	4.96597E-01	0	0	0
1944	4.96058E-01	0	0	0
1945	4.95714E-01	0	0	0
1946	4.95080E-01	0	0	0
1947	4.94453E-01	0	0	0
1948	4.94840E-01	0	0	0
1949	4.93819E-01	0	0	0
1950	4.93366E-01	0	0	0
1951	4.93115E-01	0	0	0
1952	4.92356E-01	0	0	0
1953	4.92141E-01	0	0	0
1954	4.91900E-01	0	0	0
1955	4.90897E-01	0	0	0
1956	4.89744E-01	0	0	0
1957	4.88789E-01	0	0	0
1958	4.87825E-01	0	0	0
1959	4.87168E-01	0	0	0
1960	4.87112E-01	0	0	0
1961	4.86955E-01	0	0	0
1962	4.85999E-01	0	0	0
1963	4.85254E-01	0	0	0
1964	4.84036E-01	0	0	0
1965	4.83459E-01	0	0	0
1966	4.83328E-01	0	0	0
1967	4.82057E-01	0	0	0
1968	4.81054E-01	0	0	0
1969	4.81359E-01	0	0	0
1970	4.80707E-01	0	0	0
1971	4.80141E-01	0	0	0
1972	4.78500E-01	0	0	0
1973	4.79155E-01	0	0	0
1974	4.79097E-01	0	0	0
1975	4.78840E-01	0	0	0
1976	4.77771E-01	0	0	0
1977	4.77656E-01	0	0	0
1978	4.76492E-01	0	0	0
1979	4.76241E-01	0	0	0
1980	4.75983E-01	0	0	0
1981	4.75705E-01	0	0	0
1982	4.74594E-01	0	0	0
1983	4.74275E-01	0	0	0
1984	4.73575E-01	0	0	0
1985	4.74382E-01	0	0	0
1986	4.73023E-01	0	0	0
1987	4.72639E-01	0	0	0
1988	4.72656E-01	0	0	0
1989	4.71773E-01	0	0	0
1990	4.71716E-01	0	0	0
1991	4.70751E-01	0	0	0
1992	4.70874E-01	0	0	0
1993	4.70382E-01	0	0	0
1994	4.69432E-01	0	0	0
1995	4.69167E-01	0	0	0
1996	4.68141E-01	0	0	0
1997	4.67989E-01	0	0	0
1998	4.67760E-01	0	0	0
1999	4.66946E-01	0	0	0
2000	4.66040E-01	0	0	0
2001	4.65644E-01	0	0	0
2002	4.64605E-01	0	0	0
2003	4.64940E-01	0	0	0
2004	4.64362E-01	0	0	0
2005	4.61811E-01	0	0	0
2006	4.61578E-01	0	0	0
2007	4.61919E-01	0	0	0
2008	4.61196E-01	0	0	0
2009	4.61296E-01	0	0	0
2010	4.60035E-01	0	0	0
2011	4.60510E-01	0	0	0
2012	4.59908E-01	0	0	0
2013	4.59332E-01	0	0	0
2014	4.59414E-01	0	0	0
2015	4.59459E-01	0	0	0
2016	4.59382E-01	0	0	0
2017	4.58889E-01	0	0	0
2018	4.58688E-01	0	0	0
2019	4.57965E-01	0	0	0
2020	4.57743E-01	0	0	0
2021	4.56668E-01	0	0	0
2022	4.56952E-01	0	0	0
2023	4.55685E-01	0	0	0
2024	4.55063E-01	0	0	0
2025	4.54940E-01	0	0	0
2026	4.54161E-01	0	0	0
2027	4.53842E-01	0	0	0
2028	4.53680E-01	0	0	0
2029	4.52472E-01	0	0	0
2030	4.52887E-01	0	0	0
2031	4.52037E-01	0	0	0
2032	4.51799E-01	0	0	0
2033	4.51056E-01	0	0	0
2034	4.49750E-01	0	0	0
2035	4.49933E-01	0	0	0
2036	4.49590E-01	0	0	0
2037	4.49642E-01	0	0	0
2038	4.49094E-01	0	0	0
2039	4.48717E-01	0	0	0
2040	4.46503E-01	0	0	0
2041	4.46129E-01	0	0	0
2042	4.44939E-01	0	0	0
2043	4.44626E-01	0	0	0
2044	4.44737E-01	0	0	0
2045	4.43921E-01	0	0	0
2046	4.44139E-01	0	0	0
2047	4.43432E-01	0	0	0
2048	4.41879E-01	0	0	0
2049	4.41577E-01	0	0	0
2050	4.40962E-01	0	0	0
2051	4.40282E-01	0	0	0
2052	4.40059E-01	0	0	0
2053	4.40543E-01	0	0	0
2054	4.38815E-01	0	0	0
2055	4.38441E-01	0	0	0
2056	4.39467E-01	0	0	0
2057	4.38539E-01	0	0	0
2058	4.37512E-01	0	0	0
2059	4.37213E-01	0	0	0
2060	4.37111E-01	0	0	0
2061	4.36823E-01	0	0	0
2062	4.36476E-01	0	0	0
2063	4.34995E-01	0	0	0
2064	4.34327E-01	0	0	0
2065	4.34066E-01	0	0	0
2066	4.32757E-01	0	0	0
2067	4.32055E-01	0	0	0
2068	4.31634E-01	0	0	0
2069	4.31620E-01	0	0	0
2070	4.31748E-01	0	0	0
2071	4.30510E-01	0	0	0
2072	4.30048E-01	0	0	0
2073	4.29566E-01	0	0	0
2074	4.29345E-01	0	0	0
2075	4.28317E-01	0	0	0
2076	4.28497E-01	0	0	0
2077	4.27773E-01	0	0	0
2078	4.27090E-01	0	0	0
2079	4.26587E-01	0	0	0
2080	4.25977E-01	0	0	0
2081	4.25616E-01	0	0	0
2082	4.25939E-01	0	0	0
2083	4.25056E-01	0	0	0
2084	4.25034E-01	0	0	0
2085	4.24568E-01	0	0	0
2086	4.23839E-01	0	0	0
2087	4.22264E-01	0	0	0
2088	4.22077E-01	0	0	0
2089	4.22223E-01	0	0	0
2090	4.21252E-01	0	0	0
2091	4.20716E-01	0	0	0
2092	4.20300E-01	0	0	0
2093	4.19243E-01	0	0	0
2094	4.18535E-01	0	0	0
2095	4.17549E-01	0	0	0
2096	4.17667E-01	0	0	0
2097	4.16798E-01	0	0	0
2098	4.16197E-01	0	0	0
2099	4.15391E-01	0	0	0
2100	4.15705E-01	0	0	0
2101	4.15401E-01	0	0	0
2102	4.14040E-01	0	0	0
2103	4.13967E-01	0	0	0
2104	4.13101E-01	0	0	0
2105	4.12879E-01	0	0	0
2106	4.12280E-01	0	0	0
2107	4.10961E-01	0	0	0
2108	4.10700E-01	0	0	0
2109	4.10037E-01	0	0	0
2110	4.09076E-01	0	0	0
2111	4.08722E-01	0	0	0
2112	4.08786E-01	0	0	0
2113	4.08014E-01	0	0	0
2114	4.07305E-01	0	0	0
2115	4.06736E-01	0	0	0
2116	4.06593E-01	0	0	0
2117	4.06400E-01	0	0	0
2118	4.05791E-01	0	0	0
2119	4.04843E-01	0	0	0
2120	4.04570E-01	0	0	0
2121	4.03666E-01	0	0	0
2122	4.02432E-01	0	0	0
2123	4.01387E-01	0	0	0
2124	3.99942E-01	0	0	0
2125	4.00624E-01	0	0	0
2126	4.00113E-01	0	0	0
2127	3.99977E-01	0	0	0
2128	3.98559E-01	0	0	0
2129	3.98425E-01	0	0	0
2130	3.97641E-01	0	0	0
2131	3.96792E-01	0	0	0
2132	3.97678E-01	0	0	0
2133	3.96560E-01	0	0	0
2134	3.96805E-01	0	0	0
2135	3.95829E-01	0	0	0
2136	3.95257E-01	0	0	0
2137	3.94686E-01	0	0	0
2138	3.94542E-01	0	0	0
2139	3.93789E-01	0	0	0
2140	3.92841E-01	0	0	0
2141	3.93102E-01	0	0	0
2142	3.92100E-01	0	0	0
2143	3.91777E-01	0	0	0
2144	3.90996E-01	0	0	0
2145	3.90381E-01	0	0	0
2146	3.90283E-01	0	0	0
2147	3.89751E-01	0	0	0
2148	3.89638E-01	0	0	0
2149	3.89116E-01	0	0	0
2150	3.89445E-01	0	0	0
2151	3.89614E-01	0	0	0
2152	3.89061E-01	0	0	0
2153	3.88448E-01	0	0	0
2154	3.88501E-01	0	0	0
2155	3.87951E-01	0	0	0
2156	3.88255E-01	0	0	0
2157	3.87066E-01	0	0	0
2158	3.86200E-01	0	0	0
2159	3.85938E-01	0	0	0
2160	3.85961E-01	0	0	0
2161	3.86044E-01	0	0	0
2162	3.85702E-01	0	0	0
2163	3.85407E-01	0	0	0
2164	3.85452E-01	0	0	0
2165	3.83980E-01	0	0	0
2166	3.84619E-01	0	0	0
2167	3.84155E-01	0	0	0
2168	3.83304E-01	0	0	0
2169	3.83772E-01	0	0	0
2170	3.83501E-01	0	0	0
2171	3.82919E-01	0	0	0
2172	3.81971E-01	0	0	0
2173	3.81819E-01	0	0	0
2174	3.81096E-01	0	0	0
2175	3.81676E-01	0	0	0
2176	3.81109E-01	0	0	0
2177	3.81421E-01	0	0	0
2178	3.80689E-01	0	0	0
2179	3.80042E-01	0	0	0
2180	3.79469E-01	0	0	0
2181	3.78840E-01	0	0	0
2182	3.78169E-01	0	0	0
2183	3.78099E-01	0	0	0
2184	3.77849E-01	0	0	0
2185	3.77607E-01	0	0	0
2186	3.78089E-01	0	0	0
2187	3.76643E-01	0	0	0
2188	3.76858E-01	0	0	0
2189	3.76442E-01	0	0	0
2190	3.76241E-01	0	0	0
2191	3.76562E-01	0	0	0
2192	3.76390E-01	0	0	0
2193	3.76005E-01	0	0	0
2194	3.76468E-01	0	0	0
2195	3.75530E-01	0	0	0
2196	3.75744E-01	0	0	0
2197	3.75971E-01	0	0	0
2198	3.75774E-01	0	0	0
2199	3.75447E-01	0	0	0
2200	3.75972E-01	0	0	0
2201	3.76251E-01	0	0	0
2202	3.76308E-01	0	0	0
2203	3.75746E-01	0	0	0
2204	3.74878E-01	0	0	0
2205	3.75270E-01	0	0	0
2206	3.75184E-01	0	0	0
2207	3.74807E-01	0	0	0
2208	3.74880E-01	0	0	0
2209	3.74908E-01	0	0	0
2210	3.75214E-01	0	0	0
2211	3.74449E-01	0	0	0
2212	3.75338E-01	0	0	0
2213	3.75508E-01	0	0	0
2214	3.75318E-01	0	0	0
2215	3.75257E-01	0	0	0
2216	3.74453E-01	0	0	0
2217	3.74727E-01	0	0	0
2218	3.75139E-01	0	0	0
2219	3.74983E-01	0	0	0
2220	3.74729E-01	0	0	0
2221	3.74587E-01	0	0	0
2222	3.75438E-01	0	0	0
2223	3.75474E-01	0	0	0
2224	3.74565E-01	0	0	0
2225	3.75142E-01	0	0	0
2226	3.74492E-01	0	0	0
2227	3.74810E-01	0	0	0
2228	3.75439E-01	0	0	0
2229	3.75185E-01	0	0	0
2230	3.75271E-01	0	0	0
2231	3.75547E-01	0	0	0
2232	3.75378E-01	0	0	0
2233	3.76318E-01	0	0	0
2234	3.75920E-01	0	0	0
2235	3.75491E-01	0	0	0
2236	3.75311E-01	0	0	0
2237	3.75345E-01	0	0	0
2238	3.75503E-01	0	0	0
2239	3.75879E-01	0	0	0
2240	3.76289E-01	0	0	0
2241	3.76066E-01	0	0	0
2242	3.76247E-01	0	0	0
2243	3.76324E-01	0	0	0
2244	3.75873E-01	0	0	0
2245	3.76746E-01	0	0	0
2246	3.76952E-01	0	0	0
2247	3.76430E-01	0	0	0
2248	3.76346E-01	0	0	0
2249	3.76600E-01	0	0	0
2250	3.76899E-01	0	0	0
2251	3.77385E-01	0	0	0
2252	3.77508E-01	0	0	0
2253	3.77645E-01	0	0	0
2254	3.77779E-01	0	0	0
2255	3.77782E-01	0	0	0
2256	3.78099E-01	0	0	0
2257	3.78407E-01	0	0	0
2258	3.79578E-01	0	0	0
2259	3.79136E-01	0	0	0
2260	3.79187E-01	0	0	0
2261	3.79558E-01	0	0	0
2262	3.80291E-01	0	0	0
2263	3.80470E-01	0	0	0
2264	3.80553E-01	0	0	0
2265	3.81804E-01	0	0	0
2266	3.81923E-01	0	0	0
2267	3.81649E-01	0	0	0
2268	3.82111E-01	0	0	0
2269	3.82111E-01	0	0	0
2270	3.82703E-01	0	0	0
2271	3.82755E-01	0	0	0
2272	3.83897E-01	0	0	0
2273	3.83874E-01	0	0	0
2274	3.83335E-01	0	0	0
2275	3.83735E-01	0	0	0
2276	3.85088E-01	0	0	0
2277	3.85644E-01	0	0	0
2278	3.85883E-01	0	0	0
2279	3.86181E-01	0	0	0
2280	3.85827E-01	0	0	0
2281	3.86508E-01	0	0	0
2282	3.86598E-01	0	0	0
2283	3.86667E-01	0	0	0
2284	3.87788E-01	0	0	0
2285	3.88282E-01	0	0	0
2286	3.88766E-01	0	0	0
2287	3.89138E-01	0	0	0
2288	3.89872E-01	0	0	0
2289	3.89645E-01	0	0	0
2290	3.89994E-01	0	0	0
2291	3.90437E-01	0	0	0
2292	3.90656E-01	0	0	0
2293	3.90640E-01	0	0	0
2294	3.91360E-01	0	0	0
2295	3.91697E-01	0	0	0
2296	3.92071E-01	0	0	0
2297	3.92152E-01	0	0	0
2298	3.92179E-01	0	0	0
2299	3.92895E-01	0	0	0
2300	3.93078E-01	0	0	0
2301	3.94192E-01	0	0	0
2302	3.93458E-01	0	0	0
2303	3.93737E-01	0	0	0
2304	3.93431E-01	0	0	0
2305	3.94164E-01	0	0	0
2306	3.94527E-01	0	0	0
2307	3.95052E-01	0	0	0
2308	3.95072E-01	0	0	0
2309	3.95267E-01	0	0	0
2310	3.95461E-01	0	0	0
2311	3.95934E-01	0	0	0
2312	3.95405E-01	0	0	0
2313	3.95838E-01	0	0	0
2314	3.96453E-01	0	0	0
2315	3.97087E-01	0	0	0
2316	3.97421E-01	0	0	0
2317	3.97657E-01	0	0	0
2318	3.98155E-01	0	0	0
2319	3.99174E-01	0	0	0
2320	4.00236E-01	0	0	0
2321	4.00462E-01	0	0	0
2322	4.00860E-01	0	0	0
2323	4.00523E-01	0	0	0
2324	4.00468E-01	0	0	0
2325	4.00819E-01	0	0	0
2326	4.01445E-01	0	0	0
2327	4.01515E-01	0	0	0
2328	4.00891E-01	0	0	0
2329	4.01336E-01	0	0	0
2330	4.02213E-01	0	0	0
2331	4.01996E-01	0	0	0
2332	4.03344E-01	0	0	0
2333	4.03667E-01	0	0	0
2334	4.03805E-01	0	0	0
2335	4.03780E-01	0	0	0
2336	4.03491E-01	0	0	0
2337	4.03435E-01	0	0	0
2338	4.04429E-01	0	0	0
2339	4.04355E-01	0	0	0
2340	4.05358E-01	0	0	0
2341	4.05063E-01	0	0	0
2342	4.05481E-01	0	0	0
2343	4.05695E-01	0	0	0
2344	4.06680E-01	0	0	0
2345	4.06863E-01	0	0	0
2346	4.07059E-01	0	0	0
2347	4.07397E-01	0	0	0
2348	4.07058E-01	0	0	0
2349	4.06828E-01	0	0	0
2350	4.07463E-01	0	0	0
2351	4.07464E-01	0	0	0
2352	4.07741E-01	0	0	0
2353	4.07537E-01	0	0	0
2354	4.08258E-01	0	0	0
2355	4.08596E-01	0	0	0
2356	4.08901E-01	0	0	0
2357	4.08936E-01	0	0	0
2358	4.10121E-01	0	0	0
2359	4.10650E-01	0	0	0
2360	4.11665E-01	0	0	0
2361	4.12681E-01	0	0	0
2362	4.13366E-01	0	0	0
2363	4.13645E-01	0	0	0
2364	4.14673E-01	0	0	0
2365	4.14926E-01	0	0	0
2366	4.15766E-01	0	0	0
2367	4.16581E-01	0	0	0
2368	4.17184E-01	0	0	0
2369	4.17151E-01	0	0	0
2370	4.17828E-01	0	0	0
2371	4.18936E-01	0	0	0
2372	4.20050E-01	0	0	0
2373	4.20865E-01	0	0	0
2374	4.21998E-01	0	0	0
2375	4.22445E-01	0	0	0
2376	4.23403E-01	0	0	0
2377	4.24278E-01	0	0	0
2378	4.24636E-01	0	0	0
2379	4.25486E-01	0	0	0
2380	4.27005E-01	0	0	0
2381	4.28399E-01	0	0	0
2382	4.29780E-01	0	0	0
2383	4.30652E-01	0	0	0
2384	4.31140E-01	0	0	0
2385	4.32336E-01	0	0	0
2386	4.33093E-01	0	0	0
2387	4.33618E-01	0	0	0
2388	4.35010E-01	0	0	0
2389	4.35638E-01	0	0	0
2390	4.36974E-01	0	0	0
2391	4.37740E-01	0	0	0
2392	4.39752E-01	0	0	0
2393	4.41000E-01	0	0	0
2394	4.41584E-01	0	0	0
2395	4.42986E-01	0	0	0
2396	4.44047E-01	0	0	0
2397	4.46369E-01	0	0	0
2398	4.47215E-01	0	0	0
2399	4.47551E-01	0	0	0
2400	4.49108E-01	0	0	0
2401	4.50417E-01	0	0	0
2402	4.52038E-01	0	0	0
2403	4.53409E-01	0	0	0
2404	4.53583E-01	0	0	0
2405	4.54830E-01	0	0	0
2406	4.55848E-01	0	0	0
2407	4.56803E-01	0	0	0
2408	4.58861E-01	0	0	0
2409	4.59147E-01	0	0	0
2410	4.60329E-01	0	0	0
2411	4.61690E-01	0	0	0
2412	4.62904E-01	0	0	0
2413	4.64805E-01	0	0	0
2414	4.66050E-01	0	0	0
2415	4.67617E-01	0	0	0
2416	4.69127E-01	0	0	0
2417	4.70320E-01	0	0	0
2418	4.70354E-01	0	0	0
2419	4.72269E-01	0	0	0
2420	4.73482E-01	0	0	0
2421	4.74272E-01	0	0	0
2422	4.76079E-01	0	0	0
2423	4.77313E-01	0	0	0
2424	4.78394E-01	0	0	0
2425	4.79384E-01	0	0	0
2426	4.80613E-01	0	0	0
2427	4.82705E-01	0	0	0
2428	4.83654E-01	0	0	0
2429	4.84971E-01	0	0	0
2430	4.86148E-01	0	0	0
2431	4.87748E-01	0	0	0
2432	4.88570E-01	0	0	0
2433	4.90149E-01	0	0	0
2434	4.91347E-01	0	0	0
2435	4.92659E-01	0	0	0
2436	4.93693E-01	0	0	0
2437	4.94545E-01	0	0	0
2438	4.95510E-01	0	0	0
2439	4.97566E-01	0	0	0
2440	4.99499E-01	0	0	0
2441	5.00432E-01	0	0	0
2442	5.01450E-01	0	0	0
2443	5.02423E-01	0	0	0
2444	5.03614E-01	0	0	0
2445	5.05000E-01	0	0	0
2446	5.06318E-01	0	0	0
2447	5.07419E-01	0	0	0
2448	5.08765E-01	0	0	0
2449	5.09640E-01	0	0	0
2450	5.10500E-01	0	0	0
2451	5.11300E-01	0	0	0
2452	5.12822E-01	0	0	0
2453	5.14815E-01	0	0	0
2454	5.16540E-01	0	0	0
2455	5.17308E-01	0	0	0
2456	5.17289E-01	0	0	0
2457	5.17988E-01	0	0	0
2458	5.20041E-01	0	0	0
2459	5.20268E-01	0	0	0
2460	5.21775E-01	0	0	0
2461	5.23223E-01	0	0	0
2462	5.25079E-01	0	0	0
2463	5.25922E-01	0	0	0
2464	5.27060E-01	0	0	0
2465	5.27654E-01	0	0	0
2466	5.29565E-01	0	0	0
2467	5.30761E-01	0	0	0
2468	5.31877E-01	0	0	0
2469	5.32686E-01	0	0	0
2470	5.34566E-01	0	0	0
2471	5.35373E-01	0	0	0
2472	5.36226E-01	0	0	0
2473	5.36802E-01	0	0	0
2474	5.38694E-01	0	0	0
2475	5.39166E-01	0	0	0
2476	5.40382E-01	0	0	0
2477	5.40878E-01	0	0	0
2478	5.42189E-01	0	0	0
2479	5.42620E-01	0	0	0
2480	5.43090E-01	0	0	0
2481	5.44374E-01	0	0	0
2482	5.45864E-01	0	0	0
2483	5.46539E-01	0	0	0
2484	5.47765E-01	0	0	0
2485	5.49220E-01	0	0	0
2486	5.50298E-01	0	0	0
2487	5.51014E-01	0	0	0
2488	5.53153E-01	0	0	0
2489	5.53662E-01	0	0	0
2490	5.54045E-01	0	0	0
2491	5.55759E-01	0	0	0
2492	5.56494E-01	0	0	0
2493	5.56872E-01	0	0	0
2494	5.58119E-01	0	0	0
2495	5.59423E-01	0	0	0
2496	5.60421E-01	0	0	0
2497	5.61714E-01	0	0	0
2498	5.63174E-01	0	0	0
2499	5.63723E-01	0	0	0
2500	5.65209E-01	0	0	0
2501	5.66627E-01	0	0	0
2502	5.68246E-01	0	0	0
2503	5.68302E-01	0	0	0
2504	5.69098E-01	0	0	0
2505	5.69203E-01	0	0	0
2506	5.69539E-01	0	0	0
2507	5.70423E-01	0	0	0
2508	5.71810E-01	0	0	0
2509	5.71960E-01	0	0	0
2510	5.73447E-01	0	0	0
2511	5.74702E-01	0	0	0
2512	5.76646E-01	0	0	0
2513	5.77750E-01	0	0	0
2514	5.78232E-01	0	0	0
2515	5.78896E-01	0	0	0
2516	5.79969E-01	0	0	0
2517	5.81301E-01	0	0	0
2518	5.82466E-01	0	0	0
2519	5.82744E-01	0	0	0
2520	5.83647E-01	0	0	0
2521	5.84503E-01	0	0	0
2522	5.84942E-01	0	0	0
2523	5.85617E-01	0	0	0
2524	5.87578E-01	0	0	0
2525	5.88230E-01	0	0	0
2526	5.89000E-01	0	0	0
2527	5.89404E-01	0	0	0
2528	5.89099E-01	0	0	0
2529	5.90466E-01	0	0	0
2530	5.91309E-01	0	0	0
2531	5.91873E-01	0	0	0
2532	5.92671E-01	0	0	0
2533	5.94269E-01	0	0	0
2534	5.95258E-01	0	0	0
2535	5.95035E-01	0	0	0
2536	5.96289E-01	0	0	0
2537	5.96674E-01	0	0	0
2538	5.98045E-01	0	0	0
2539	5.98766E-01	0	0	0
2540	5.98737E-01	0	0	0
2541	5.99862E-01	0	0	0
2542	6.00553E-01	0	0	0
2543	6.01896E-01	0	0	0
2544	6.01315E-01	0	0	0
2545	6.02808E-01	0	0	0
2546	6.03381E-01	0	0	0
2547	6.04872E-01	0	0	0
2548	6.05469E-01	0	0	0
2549	6.05525E-01	0	0	0
2550	6.05373E-01	0	0	0
2551	6.07610E-01	0	0	0
2552	6.07438E-01	0	0	0
2553	6.08677E-01	0	0	0
2554	6.07305E-01	0	0	0
2555	6.06069E-01	0	0	0
2556	6.05176E-01	0	0	0
2557	6.04970E-01	0	0	0
2558	6.03011E-01	0	0	0
2559	6.03313E-01	0	0	0
2560	6.02895E-01	0	0	0
2561	6.01532E-01	0	0	0
2562	6.01713E-01	0	0	0
2563	6.01608E-01	0	0	0
2564	6.03619E-01	0	0	0
2565	6.04844E-01	0	0	0
2566	6.04904E-01	0	0	0
2567	6.06296E-01	0	0	0
2568	6.06845E-01	0	0	0
2569	6.08251E-01	0	0	0
2570	6.09510E-01	0	0	0
2571	6.11586E-01	0	0	0
2572	6.12491E-01	0	0	0
2573	6.13497E-01	0	0	0
2574	6.15428E-01	0	0	0
2575	6.16996E-01	0	0	0
2576	6.18736E-01	0	0	0
2577	6.18891E-01	0	0	0
2578	6.19917E-01	0	0	0
2579	6.20794E-01	0	0	0
2580	6.21848E-01	0	0	0
2581	6.22976E-01	0	0	0
2582	6.24901E-01	0	0	0
2583	6.25536E-01	0	0	0
2584	6.28055E-01	0	0	0
2585	6.29875E-01	0	0	0
2586	6.28403E-01	0	0	0
2587	6.26372E-01	0	0	0
2588	6.25149E-01	0	0	0
2589	6.24566E-01	0	0	0
2590	6.23612E-01	0	0	0
2591	6.24199E-01	0	0	0
2592	6.25595E-01	0	0	0
2593	6.24180E-01	0	0	0
2594	6.24562E-01	0	0	0
2595	6.24611E-01	0	0	0
2596	6.23110E-01	0	0	0
2597	6.21907E-01	0	0	0
2598	6.23912E-01	0	0	0
2599	6.28877E-01	0	0	0
2600	6.32094E-01	0	0	0
2601	6.35028E-01	0	0	0
2602	6.38198E-01	0	0	0
2603	6.41959E-01	0	0	0
2604	6.44069E-01	0	0	0
2605	6.46806E-01	0	0	0
2606	6.49812E-01	0	0	0
2607	6.55505E-01	0	0	0
2608	6.55391E-01	0	0	0
2609	6.59391E-01	0	0	0
2610	6.60943E-01	0	0	0
2611	6.64850E-01	0	0	0
2612	6.64640E-01	0	0	0
2613	6.65677E-01	0	0	0
2614	6.65493E-01	0	0	0
2615	6.66484E-01	0	0	0
2616	6.67390E-01	0	0	0
2617	6.71065E-01	0	0	0
2618	6.75142E-01	0	0	0
2619	6.83945E-01	0	0	0
2620	6.87610E-01	0	0	0
2621	6.93969E-01	0	0	0
2622	6.99214E-01	0	0	0
2623	7.04359E-01	0	0	0
2624	7.07262E-01	0	0	0
2625	7.15356E-01	0	0	0
2626	7.20815E-01	0	0	0
2627	7.25049E-01	0	0	0
2628	7.32968E-01	0	0	0
2629	7.38519E-01	0	0	0
2630	7.43591E-01	0	0	0
2631	7.47943E-01	0	0	0
2632	7.53490E-01	0	0	0
2633	7.57002E-01	0	0	0
2634	7.65014E-01	0	0	0
2635	7.72127E-01	0	0	0
2636	7.76511E-01	0	0	0
2637	7.80632E-01	0	0	0
2638	7.85458E-01	0	0	0
2639	7.90908E-01	0	0	0
2640	7.95605E-01	0	0	0
2641	8.00890E-01	0	0	0
2642	8.03895E-01	0	0	0
2643	8.08526E-01	0	0	0
2644	8.11229E-01	0	0	0
2645	8.13555E-01	0	0	0
2646	8.13865E-01	0	0	0
2647	8.16499E-01	0	0	0
2648	8.18171E-01	0	0	0
2649	8.19739E-01	0	0	0
2650	8.19924E-01	0	0	0
2651	8.21357E-01	0	0	0
2652	8.22363E-01	0	0	0
2653	8.25541E-01	0	0	0
2654	8.24681E-01	0	0	0
2655	8.25188E-01	0	0	0
2656	8.26035E-01	0	0	0
2657	8.25737E-01	0	0	0
2658	8.23646E-01	0	0	0
2659	8.23570E-01	0	0	0
2660	8.22741E-01	0	0	0
2661	8.19574E-01	0	0	0
2662	8.13009E-01	0	0	0
2663	8.12284E-01	0	0	0
2664	8.08864E-01	0	0	0
2665	8.07272E-01	0	0	0
2666	8.05492E-01	0	0	0
2667	7.98026E-01	0	0	0
2668	7.93584E-01	0	0	0
2669	7.94363E-01	0	0	0
2670	7.95284E-01	0	0	0
2671	7.97119E-01	0	0	0
2672	7.97628E-01	0	0	0
2673	8.04192E-01	0	0	0
2674	8.05347E-01	0	0	0
2675	8.10813E-01	0	0	0
2676	8.14731E-01	0	0	0
2677	8.19960E-01	0	0	0
2678	8.25623E-01	0	0	0
2679	8.23685E-01	0	0	0
2680	8.29654E-01	0	0	0
2681	8.36878E-01	0	0	0
2682	8.41409E-01	0	0	0
2683	8.43443E-01	0	0	0
2684	8.48194E-01	0	0	0
2685	8.52936E-01	0	0	0
2686	8.55121E-01	0	0	0
2687	8.58920E-01	0	0	0
2688	8.59841E-01	0	0	0
2689	8.62386E-01	0	0	0
2690	8.63839E-01	0	0	0
2691	8.63466E-01	0	0	0
2692	8.67295E-01	0	0	0
2693	8.64312E-01	0	0	0
2694	8.62403E-01	0	0	0
2695	8.63618E-01	0	0	0
2696	8.65851E-01	0	0	0
2697	8.65067E-01	0	0	0
2698	8.65453E-01	0	0	0
2699	8.69949E-01	0	0	0
2700	8.70168E-01	0	0	0
2701	8.71960E-01	0	0	0
2702	8.70970E-01	0	0	0
2703	8.70775E-01	0	0	0
2704	8.68204E-01	0	0	0
2705	8.70525E-01	0	0	0
2706	8.71500E-01	0	0	0
2707	8.72092E-01	0	0	0
2708	8.71234E-01	0	0	0
2709	8.70675E-01	0	0	0
2710	8.69585E-01	0	0	0
2711	8.69830E-01	0	0	0
2712	8.64170E-01	0	0	0
2713	8.62033E-01	0	0	0
2714	8.57695E-01	0	0	0
2715	8.54288E-01	0	0	0
2716	8.49358E-01	0	0	0
2717	8.47610E-01	0	0	0
2718	8.46311E-01	0	0	0
2719	8.42555E-01	0	0	0
2720	8.43539E-01	0	0	0
2721	8.36781E-01	0	0	0
2722	8.34292E-01	0	0	0
2723	8.32406E-01	0	0	0
2724	8.31342E-01	0	0	0
2725	8.28464E-01	0	0	0
2726	8.28377E-01	0	0	0
2727	8.26079E-01	0	0	0
2728	8.27230E-01	0	0	0
2729	8.30235E-01	0	0	0
2730	8.30430E-01	0	0	0
2731	8.28116E-01	0	0	0
2732	8.25429E-01	0	0	0
2733	8.22999E-01	0	0	0
2734	8.21681E-01	0	0	0
2735	8.18183E-01	0	0	0
2736	8.16714E-01	0	0	0
2737	8.12286E-01	0	0	0
2738	8.11514E-01	0	0	0
2739	8.10334E-01	0	0	0
2740	8.08435E-01	0	0	0
2741	8.07740E-01	0	0	0
2742	8.07270E-01	0	0	0
2743	8.05384E-01	0	0	0
2744	8.04782E-01	0	0	0
2745	8.10727E-01	0	0	0
2746	8.11372E-01	0	0	0
2747	8.10929E-01	0	0	0
2748	8.08811E-01	0	0	0
2749	8.07836E-01	0	0	0
2750	8.07215E-01	0	0	0
2751	8.05302E-01	0	0	0
2752	8.01494E-01	0	0	0
2753	7.98150E-01	0	0	0
2754	7.95170E-01	0	0	0
2755	7.90903E-01	0	0	0
2756	7.89131E-01	0	0	0
2757	7.85457E-01	0	0	0
2758	7.81820E-01	0	0	0
2759	7.79356E-01	0	0	0
2760	7.79514E-01	0	0	0
2761	7.77521E-01	0	0	0
2762	7.75031E-01	0	0	0
2763	7.72385E-01	0	0	0
2764	7.72095E-01	0	0	0
2765	7.71659E-01	0	0	0
2766	7.68287E-01	0	0	0
2767	7.69986E-01	0	0	0
2768	7.67920E-01	0	0	0
2769	7.69434E-01	0	0	0
2770	7.67748E-01	0	0	0
2771	7.67518E-01	0	0	0
2772	7.67167E-01	0	0	0
2773	7.66743E-01	0	0	0
2774	7.66664E-01	0	0	0
2775	7.66042E-01	0	0	0
2776	7.67169E-01	0	0	0
2777	7.66494E-01	0	0	0
2778	7.64096E-01	0	0	0
2779	7.61810E-01	0	0	0
2780	7.60327E-01	0	0	0
2781	7.58505E-01	0	0	0
2782	7.55884E-01	0	0	0
2783	7.52117E-01	0	0	0
2784	7.49775E-01	0	0	0
2785	7.47224E-01	0	0	0
2786	7.44354E-01	0	0	0
2787	7.42128E-01	0	0	0
2788	7.38900E-01	0	0	0
2789	7.36945E-01	0	0	0
2790	7.36731E-01	0	0	0
2791	7.36262E-01	0	0	0
2792	7.34795E-01	0	0	0
2793	7.34536E-01	0	0	0
2794	7.33023E-01	0	0	0
2795	7.31753E-01	0	0	0
2796	7.30037E-01	0	0	0
2797	7.29983E-01	0	0	0
2798	7.28927E-01	0	0	0
2799	7.27606E-01	0	0	0
2800	7.25279E-01	0	0	0
2801	7.22967E-01	0	0	0
2802	7.22205E-01	0	0	0
2803	7.21085E-01	0	0	0
2804	7.19180E-01	0	0	0
2805	7.18122E-01	0	0	0
2806	7.16193E-01	0	0	0
2807	7.17255E-01	0	0	0
2808	7.17797E-01	0	0	0
2809	7.16840E-01	0	0	0
2810	7.17015E-01	0	0	0
2811	7.14511E-01	0	0	0
2812	7.13578E-01	0	0	0
2813	7.12225E-01	0	0	0
2814	7.11892E-01	0	0	0
2815	7.11221E-01	0	0	0
2816	7.10080E-01	0	0	0
2817	7.09252E-01	0	0	0
2818	7.09407E-01	0	0	0
2819	7.08546E-01	0	0	0
2820	7.06905E-01	0	0	0
2821	7.05498E-01	0	0	0
2822	7.04303E-01	0	0	0
2823	7.03052E-01	0	0	0
2824	7.02651E-01	0	0	0
2825	7.02015E-01	0	0	0
2826	7.00282E-01	0	0	0
2827	6.99831E-01	0	0	0
2828	6.99691E-01	0	0	0
2829	6.98705E-01	0	0	0
2830	6.98656E-01	0	0	0
2831	6.97918E-01	0	0	0
2832	6.97409E-01	0	0	0
2833	6.96483E-01	0	0	0
2834	6.95112E-01	0	0	0
2835	6.96176E-01	0	0	0
2836	6.94916E-01	0	0	0
2837	6.95039E-01	0	0	0
2838	6.93973E-01	0	0	0
2839	6.93491E-01	0	0	0
2840	6.92553E-01	0	0	0
2841	6.91651E-01	0	0	0
2842	6.89500E-01	0	0	0
2843	6.89132E-01	0	0	0
2844	6.88869E-01	0	0	0
2845	6.88293E-01	0	0	0
2846	6.87658E-01	0	0	0
2847	6.88408E-01	0	0	0
2848	6.88019E-01	0	0	0
2849	6.87238E-01	0	0	0
2850	6.85909E-01	0	0	0
2851	6.85572E-01	0	0	0
2852	6.85172E-01	0	0	0
2853	6.85330E-01	0	0	0
2854	6.85479E-01	0	0	0
2855	6.86015E-01	0	0	0
2856	6.84415E-01	0	0	0
2857	6.83168E-01	0	0	0
2858	6.82869E-01	0	0	0
2859	6.82279E-01	0	0	0
2860	6.80515E-01	0	0	0
2861	6.80006E-01	0	0	0
2862	6.80469E-01	0	0	0
2863	6.79260E-01	0	0	0
2864	6.78848E-01	0	0	0
2865	6.78862E-01	0	0	0
2866	6.78321E-01	0	0	0
2867	6.78313E-01	0	0	0
2868	6.76492E-01	0	0	0
2869	6.76378E-01	0	0	0
2870	6.76273E-01	0	0	0
2871	6.77365E-01	0	0	0
2872	6.75427E-01	0	0	0
2873	6.75050E-01	0	0	0
2874	6.73914E-01	0	0	0
2875	6.73608E-01	0	0	0
2876	6.73725E-01	0	0	0
2877	6.73462E-01	0	0	0
2878	6.72850E-01	0	0	0
2879	6.72154E-01	0	0	0
2880	6.72087E-01	0	0	0
2881	6.70978E-01	0	0	0
2882	6.70568E-01	0	0	0
2883	6.70962E-01	0	0	0
2884	6.70648E-01	0	0	0
2885	6.71134E-01	0	0	0
2886	6.70413E-01	0	0	0
2887	6.69908E-01	0	0	0
2888	6.69002E-01	0	0	0
2889	6.69083E-01	0	0	0
2890	6.69152E-01	0	0	0
2891	6.68995E-01	0	0	0
2892	6.68587E-01	0	0	0
2893	6.69070E-01	0	0	0
2894	6.68110E-01	0	0	0
2895	6.67444E-01	0	0	0
2896	6.67501E-01	0	0	0
2897	6.67848E-01	0	0	0
2898	6.67665E-01	0	0	0
2899	6.67826E-01	0	0	0
2900	6.67239E-01	0	0	0
2901	6.67636E-01	0	0	0
2902	6.67796E-01	0	0	0
2903	6.68413E-01	0	0	0
2904	6.68281E-01	0	0	0
2905	6.68627E-01	0	0	0
2906	6.68094E-01	0	0	0
2907	6.68448E-01	0	0	0
2908	6.67324E-01	0	0	0
2909	6.67105E-01	0	0	0
2910	6.66878E-01	0	0	0
2911	6.66119E-01	0	0	0
2912	6.66299E-01	0	0	0
2913	6.65452E-01	0	0	0
2914	6.64899E-01	0	0	0
2915	6.65241E-01	0	0	0
2916	6.65484E-01	0	0	0
2917	6.65205E-01	0	0	0
2918	6.64458E-01	0	0	0
2919	6.63849E-01	0	0	0
2920	6.63394E-01	0	0	0
2921	6.63404E-01	0	0	0
2922	6.64297E-01	0	0	0
2923	6.63562E-01	0	0	0
2924	6.63508E-01	0	0	0
2925	6.63106E-01	0	0	0
2926	6.63057E-01	0	0	0
2927	6.62329E-01	0	0	0
2928	6.61866E-01	0	0	0
2929	6.61806E-01	0	0	0
2930	6.61834E-01	0	0	0
2931	6.61685E-01	0	0	0
2932	6.61541E-01	0	0	0
2933	6.61036E-01	0	0	0
2934	6.60807E-01	0	0	0
2935	6.61613E-01	0	0	0
2936	6.61222E-01	0	0	0
2937	6.61270E-01	0	0	0
2938	6.60323E-01	0	0	0
2939	6.60862E-01	0	0	0
2940	6.60676E-01	0	0	0
2941	6.60441E-01	0	0	0
2942	6.61708E-01	0	0	0
2943	6.60888E-01	0	0	0
2944	6.61296E-01	0	0	0
2945	6.60173E-01	0	0	0
2946	6.60068E-01	0	0	0
2947	6.61083E-01	0	0	0
2948	6.60418E-01	0	0	0
2949	6.60998E-01	0	0	0
2950	6.60401E-01	0	0	0
2951	6.60661E-01	0	0	0
2952	6.59909E-01	0	0	0
2953	6.60580E-01	0	0	0
2954	6.61020E-01	0	0	0
2955	6.61343E-01	0	0	0
2956	6.60634E-01	0	0	0
2957	6.59923E-01	0	0	0
2958	6.60556E-01	0	0	0
2959	6.61090E-01	0	0	0
2960	6.60324E-01	0	0	0
2961	6.59299E-01	0	0	0
2962	6.60193E-01	0	0	0
2963	6.60201E-01	0	0	0
2964	6.60518E-01	0	0	0
2965	6.60863E-01	0	0	0
2966	6.61431E-01	0	0	0
2967	6.61228E-01	0	0	0
2968	6.60989E-01	0	0	0
2969	6.61757E-01	0	0	0
2970	6.61976E-01	0	0	0
2971	6.62377E-01	0	0	0
2972	6.62776E-01	0	0	0
2973	6.63307E-01	0	0	0
2974	6.63245E-01	0	0	0
2975	6.63511E-01	0	0	0
2976	6.63638E-01	0	0	0
2977	6.63847E-01	0	0	0
2978	6.65120E-01	0	0	0
2979	6.64972E-01	0	0	0
2980	6.64927E-01	0	0	0
2981	6.64817E-01	0	0	0
2982	6.64465E-01	0	0	0
2983	6.64780E-01	0	0	0
2984	6.65110E-01	0	0	0
2985	6.66006E-01	0	0	0
2986	6.66795E-01	0	0	0
2987	6.67393E-01	0	0	0
2988	6.67169E-01	0	0	0
2989	6.67514E-01	0	0	0
2990	6.66042E-01	0	0	0
2991	6.66799E-01	0	0	0
2992	6.67106E-01	0	0	0
2993	6.67070E-01	0	0	0
2994	6.68311E-01	0	0	0
2995	6.66965E-01	0	0	0
2996	6.67522E-01	0	0	0
2997	6.67426E-01	0	0	0
2998	6.68380E-01	0	0	0
2999	6.69074E-01	0	0	0
3000	6.69288E-01	0	0	0
3001	6.69314E-01	0	0	0
3002	6.68689E-01	0	0	0
3003	6.69777E-01	0	0	0
3004	6.71782E-01	0	0	0
3005	6.71524E-01	0	0	0
3006	6.71550E-01	0	0	0
3007	6.71457E-01	0	0	0
3008	6.72312E-01	0	0	0
3009	6.72191E-01	0	0	0
3010	6.72902E-01	0	0	0
3011	6.72844E-01	0	0	0
3012	6.72813E-01	0	0	0
3013	6.72821E-01	0	0	0
3014	6.73049E-01	0	0	0
3015	6.73899E-01	0	0	0
3016	6.73722E-01	0	0	0
3017	6.74214E-01	0	0	0
3018	6.74754E-01	0	0	0
3019	6.74518E-01	0	0	0
3020	6.74422E-01	0	0	0
3021	6.74491E-01	0	0	0
3022	6.74222E-01	0	0	0
3023	6.74814E-01	0	0	0
3024	6.75305E-01	0	0	0
3025	6.75317E-01	0	0	0
3026	6.75340E-01	0	0	0
3027	6.75076E-01	0	0	0
3028	6.75174E-01	0	0	0
3029	6.75496E-01	0	0	0
3030	6.75793E-01	0	0	0
3031	6.75687E-01	0	0	0
3032	6.75555E-01	0	0	0
3033	6.75877E-01	0	0	0
3034	6.75264E-01	0	0	0
3035	6.75329E-01	0	0	0
3036	6.74831E-01	0	0	0
3037	6.75635E-01	0	0	0
3038	6.74856E-01	0	0	0
3039	6.74984E-01	0	0	0
3040	6.74525E-01	0	0	0
3041	6.74545E-01	0	0	0
3042	6.75542E-01	0	0	0
3043	6.76055E-01	0	0	0
3044	6.74300E-01	0	0	0
3045	6.74973E-01	0	0	0
3046	6.74921E-01	0	0	0
3047	6.74331E-01	0	0	0
3048	6.73123E-01	0	0	0
3049	6.73491E-01	0	0	0
3050	6.72883E-01	0	0	0
3051	6.72065E-01	0	0	0
3052	6.70411E-01	0	0	0
3053	6.70198E-01	0	0	0
3054	6.70060E-01	0	0	0
3055	6.68581E-01	0	0	0
3056	6.66874E-01	0	0	0
3057	6.65097E-01	0	0	0
3058	6.63246E-01	0	0	0
3059	6.61322E-01	0	0	0
3060	6.60073E-01	0	0	0
3061	6.57510E-01	0	0	0
3062	6.55603E-01	0	0	0
3063	6.53744E-01	0	0	0
3064	6.51196E-01	0	0	0
3065	6.50068E-01	0	0	0
3066	6.48545E-01	0	0	0
3067	6.46048E-01	0	0	0
3068	6.44572E-01	0	0	0
3069	6.43996E-01	0	0	0
3070	6.41802E-01	0	0	0
3071	6.41099E-01	0	0	0
3072	6.39602E-01	0	0	0
3073	6.39513E-01	0	0	0
3074	6.38352E-01	0	0	0
3075	6.37042E-01	0	0	0
3076	6.37054E-01	0	0	0
3077	6.36186E-01	0	0	0
3078	6.35798E-01	0	0	0
3079	6.34636E-01	0	0	0
3080	6.34742E-01	0	0	0
3081	6.33643E-01	0	0	0
3082	6.33356E-01	0	0	0
3083	6.33206E-01	0	0	0
3084	6.32033E-01	0	0	0
3085	6.31852E-01	0	0	0
3086	6.30439E-01	0	0	0
3087	6.30393E-01	0	0	0
3088	6.29774E-01	0	0	0
3089	6.29451E-01	0	0	0
3090	6.28868E-01	0	0	0
3091	6.27980E-01	0	0	0
3092	6.28712E-01	0	0	0
3093	6.28498E-01	0	0	0
3094	6.28307E-01	0	0	0
3095	6.27585E-01	0	0	0
3096	6.26770E-01	0	0	0
3097	6.26949E-01	0	0	0
3098	6.25509E-01	0	0	0
3099	6.25183E-01	0	0	0
3100	6.25508E-01	0	0	0
3101	6.24937E-01	0	0	0
3102	6.25606E-01	0	0	0
3103	6.25121E-01	0	0	0
3104	6.25508E-01	0	0	0
3105	6.25268E-01	0	0	0
3106	6.26845E-01	0	0	0
3107	6.27008E-01	0	0	0
3108	6.27445E-01	0	0	0
3109	6.26689E-01	0	0	0
3110	6.27753E-01	0	0	0
3111	6.29151E-01	0	0	0
3112	6.29548E-01	0	0	0
3113	6.29922E-01	0	0	0
3114	6.31900E-01	0	0	0
3115	6.33044E-01	0	0	0
3116	6.34048E-01	0	0	0
3117	6.35125E-01	0	0	0
3118	6.36261E-01	0	0	0
3119	6.37973E-01	0	0	0
3120	6.39567E-01	0	0	0
3121	6.41536E-01	0	0	0
3122	6.42758E-01	0	0	0
3123	6.44212E-01	0	0	0
3124	6.45107E-01	0	0	0
3125	6.47948E-01	0	0	0
3126	6.49134E-01	0	0	0
3127	6.51472E-01	0	0	0
3128	6.52879E-01	0	0	0
3129	6.54285E-01	0	0	0
3130	6.55189E-01	0	0	0
3131	6.57220E-01	0	0	0
3132	6.59025E-01	0	0	0
3133	6.60603E-01	0	0	0
3134	6.62751E-01	0	0	0
3135	6.63800E-01	0	0	0
3136	6.65428E-01	0	0	0
3137	6.66699E-01	0	0	0
3138	6.68895E-01	0	0	0
3139	6.70203E-01	0	0	0
3140	6.71467E-01	0	0	0
3141	6.73363E-01	0	0	0
3142	6.75045E-01	0	0	0
3143	6.75536E-01	0	0	0
3144	6.77944E-01	0	0	0
3145	6.79601E-01	0	0	0
3146	6.80761E-01	0	0	0
3147	6.82294E-01	0	0	0
3148	6.84509E-01	0	0	0
3149	6.85404E-01	0	0	0
3150	6.87822E-01	0	0	0
3151	6.89422E-01	0	0	0
3152	6.91227E-01	0	0	0
3153	6.91345E-01	0	0	0
3154	6.94276E-01	0	0	0
3155	6.95215E-01	0	0	0
3156	6.97689E-01	0	0	0
3157	6.97802E-01	0	0	0
3158	6.98126E-01	0	0	0
3159	7.00436E-01	0	0	0
3160	7.02721E-01	0	0	0
3161	7.04334E-01	0	0	0
3162	7.04613E-01	0	0	0
3163	7.05917E-01	0	0	0
3164	7.07912E-01	0	0	0
3165	7.10429E-01	0	0	0
3166	7.11977E-01	0	0	0
3167	7.13876E-01	0	0	0
3168	7.15289E-01	0	0	0
3169	7.16815E-01	0	0	0
3170	7.18273E-01	0	0	0
3171	7.18163E-01	0	0	0
3172	7.20538E-01	0	0	0
3173	7.21131E-01	0	0	0
3174	7.22483E-01	0	0	0
3175	7.24031E-01	0	0	0
3176	7.25495E-01	0	0	0
3177	7.27359E-01	0	0	0
3178	7.27821E-01	0	0	0
3179	7.29026E-01	0	0	0
3180	7.30490E-01	0	0	0
3181	7.31464E-01	0	0	0
3182	7.33428E-01	0	0	0
3183	7.34987E-01	0	0	0
3184	7.36917E-01	0	0	0
3185	7.38429E-01	0	0	0
3186	7.40112E-01	0	0	0
3187	7.42072E-01	0	0	0
3188	7.43136E-01	0	0	0
3189	7.44323E-01	0	0	0
3190	7.45911E-01	0	0	0
3191	7.48145E-01	0	0	0
3192	7.49173E-01	0	0	0
3193	7.51545E-01	0	0	0
3194	7.53111E-01	0	0	0
3195	7.54797E-01	0	0	0
3196	7.56175E-01	0	0	0
3197	7.58028E-01	0	0	0
3198	7.59485E-01	0	0	0
3199	7.61209E-01	0	0	0
3200	7.62968E-01	0	0	0
3201	7.64767E-01	0	0	0
3202	7.66877E-01	0	0	0
3203	7.68564E-01	0	0	0
3204	7.70389E-01	0	0	0
3205	7.71912E-01	0	0	0
3206	7.73335E-01	0	0	0
3207	7.76109E-01	0	0	0
3208	7.77896E-01	0	0	0
3209	7.79560E-01	0	0	0
3210	7.81940E-01	0	0	0
3211	7.83766E-01	0	0	0
3212	7.86189E-01	0	0	0
3213	7.88308E-01	0	0	0
3214	7.89479E-01	0	0	0
3215	7.91186E-01	0	0	0
3216	7.93475E-01	0	0	0
3217	7.95295E-01	0	0	0
3218	7.97327E-01	0	0	0
3219	7.99563E-01	0	0	0
3220	8.01806E-01	0	0	0
3221	8.04622E-01	0	0	0
3222	8.07952E-01	0	0	0
3223	8.09944E-01	0	0	0
3224	8.11182E-01	0	0	0
3225	8.13447E-01	0	0	0
3226	8.15288E-01	0	0	0
3227	8.15895E-01	0	0	0
3228	8.18736E-01	0	0	0
3229	8.22274E-01	0	0	0
3230	8.24453E-01	0	0	0
3231	8.26554E-01	0	0	0
3232	8.27739E-01	0	0	0
3233	8.29364E-01	0	0	0
3234	8.33459E-01	0	0	0
3235	8.35650E-01	0	0	0
3236	8.36473E-01	0	0	0
3237	8.38758E-01	0	0	0
3238	8.39797E-01	0	0	0
3239	8.42377E-01	0	0	0
3240	8.45435E-01	0	0	0
3241	8.47043E-01	0	0	0
3242	8.48929E-01	0	0	0
3243	8.51976E-01	0	0	0
3244	8.54030E-01	0	0	0
3245	8.53433E-01	0	0	0
3246	8.57376E-01	0	0	0
3247	8.58274E-01	0	0	0
3248	8.59093E-01	0	0	0
3249	8.60716E-01	0	0	0
3250	8.63390E-01	0	0	0
3251	8.64628E-01	0	0	0
3252	8.66179E-01	0	0	0
3253	8.67321E-01	0	0	0
3254	8.67906E-01	0	0	0
3255	8.69780E-01	0	0	0
3256	8.72021E-01	0	0	0
3257	8.73483E-01	0	0	0
3258	8.75048E-01	0	0	0
3259	8.77070E-01	0	0	0
3260	8.77148E-01	0	0	0
3261	8.79876E-01	0	0	0
3262	8.80664E-01	0	0	0
3263	8.82621E-01	0	0	0
3264	8.83653E-01	0	0	0
3265	8.85002E-01	0	0	0
3266	8.85371E-01	0	0	0
3267	8.86930E-01	0	0	0
3268	8.87280E-01	0	0	0
3269	8.88796E-01	0	0	0
3270	8.90383E-01	0	0	0
3271	8.91221E-01	0	0	0
3272	8.93636E-01	0	0	0
3273	8.93191E-01	0	0	0
3274	8.93593E-01	0	0	0
3275	8.95521E-01	0	0	0
3276	8.96235E-01	0	0	0
3277	8.97531E-01	0	0	0
3278	9.00676E-01	0	0	0
3279	9.00301E-01	0	0	0
3280	9.02034E-01	0	0	0
3281	9.02809E-01	0	0	0
3282	9.04133E-01	0	0	0
3283	9.06039E-01	0	0	0
3284	9.07293E-01	0	0	0
3285	9.08014E-01	0	0	0
3286	9.09052E-01	0	0	0
3287	9.09971E-01	0	0	0
3288	9.10501E-01	0	0	0
3289	9.10893E-01	0	0	0
3290	9.12565E-01	0	0	0
3291	9.13029E-01	0	0	0
3292	9.14052E-01	0	0	0
3293	9.15218E-01	0	0	0
3294	9.17041E-01	0	0	0
3295	9.18548E-01	0	0	0
3296	9.19573E-01	0	0	0
3297	9.20748E-01	0	0	0
3298	9.20576E-01	0	0	0
3299	9.21647E-01	0	0	0
3300	9.22211E-01	0	0	0
3301	9.23664E-01	0	0	0
3302	9.23668E-01	0	0	0
3303	9.25145E-01	0	0	0
3304	9.26235E-01	0	0	0
3305	9.26375E-01	0	0	0
3306	9.27952E-01	0	0	0
3307	9.29697E-01	0	0	0
3308	9.29121E-01	0	0	0
3309	9.29704E-01	0	0	0
3310	9.31312E-01	0	0	0
3311	9.30931E-01	0	0	0
3312	9.31232E-01	0	0	0
3313	9.32231E-01	0	0	0
3314	9.33239E-01	0	0	0
3315	9.33735E-01	0	0	0
3316	9.35416E-01	0	0	0
3317	9.36179E-01	0	0	0
3318	9.36555E-01	0	0	0
3319	9.39820E-01	0	0	0
3320	9.40242E-01	0	0	0
3321	9.39187E-01	0	0	0
3322	9.40241E-01	0	0	0
3323	9.41387E-01	0	0	0
3324	9.41372E-01	0	0	0
3325	9.43031E-01	0	0	0
3326	9.43280E-01	0	0	0
3327	9.44867E-01	0	0	0
3328	9.44837E-01	0	0	0
3329	9.44589E-01	0	0	0
3330	9.45863E-01	0	0	0
3331	9.44510E-01	0	0	0
3332	9.45810E-01	0	0	0
3333	9.46397E-01	0	0	0
3334	9.47098E-01	0	0	0
3335	9.47482E-01	0	0	0
3336	9.48109E-01	0	0	0
3337	9.48579E-01	0	0	0
3338	9.48468E-01	0	0	0
3339	9.49371E-01	0	0	0
3340	9.49044E-01	0	0	0
3341	9.49660E-01	0	0	0
3342	9.50107E-01	0	0	0
3343	9.50733E-01	0	0	0
3344	9.50164E-01	0	0	0
3345	9.51277E-01	0	0	0
3346	9.51855E-01	0	0	0
3347	9.52902E-01	0	0	0
3348	9.53405E-01	0	0	0
3349	9.53665E-01	0	0	0
3350	9.54151E-01	0	0	0
3351	9.53664E-01	0	0	0
3352	9.53797E-01	0	0	0
3353	9.55700E-01	0	0	0
3354	9.55364E-01	0	0	0
3355	9.56795E-01	0	0	0
3356	9.57156E-01	0	0	0
3357	9.58119E-01	0	0	0
3358	9.58791E-01	0	0	0
3359	9.58809E-01	0	0	0
3360	9.58958E-01	0	0	0
3361	9.58965E-01	0	0	0
3362	9.59074E-01	0	0	0
3363	9.59238E-01	0	0	0
3364	9.58391E-01	0	0	0
3365	9.60084E-01	0	0	0
3366	9.59198E-01	0	0	0
3367	9.59208E-01	0	0	0
3368	9.58428E-01	0	0	0
3369	9.59076E-01	0	0	0
3370	9.59968E-01	0	0	0
3371	9.61253E-01	0	0	0
3372	9.61264E-01	0	0	0
3373	9.60931E-01	0	0	0
3374	9.61032E-01	0	0	0
3375	9.61247E-01	0	0	0
3376	9.62244E-01	0	0	0
3377	9.61413E-01	0	0	0
3378	9.61566E-01	0	0	0
3379	9.62513E-01	0	0	0
3380	9.62592E-01	0	0	0
3381	9.63703E-01	0	0	0
3382	9.64585E-01	0	0	0
3383	9.64448E-01	0	0	0
3384	9.65520E-01	0	0	0
3385	9.64872E-01	0	0	0
3386	9.64292E-01	0	0	0
3387	9.67344E-01	0	0	0
3388	9.67450E-01	0	0	0
3389	9.67265E-01	0	0	0
3390	9.67613E-01	0	0	0
3391	9.70257E-01	0	0	0
3392	9.70339E-01	0	0	0
3393	9.71186E-01	0	0	0
3394	9.71167E-01	0	0	0
3395	9.70943E-01	0	0	0
3396	9.69870E-01	0	0	0
3397	9.71746E-01	0	0	0
3398	9.71321E-01	0	0	0
3399	9.71876E-01	0	0	0
3400	9.71297E-01	0	0	0
3401	9.71179E-01	0	0	0
3402	9.70310E-01	0	0	0
3403	9.70215E-01	0	0	0
3404	9.70236E-01	0	0	0
3405	9.70359E-01	0	0	0
3406	9.70292E-01	0	0	0
3407	9.70557E-01	0	0	0
3408	9.70349E-01	0	0	0
3409	9.71720E-01	0	0	0
3410	9.73093E-01	0	0	0
3411	9.73130E-01	0	0	0
3412	9.73077E-01	0	0	0
3413	9.73162E-01	0	0	0
3414	9.73811E-01	0	0	0
3415	9.74778E-01	0	0	0
3416	9.74855E-01	0	0	0
3417	9.74627E-01	0	0	0
3418	9.74944E-01	0	0	0
3419	9.74960E-01	0	0	0
3420	9.74618E-01	0	0	0
3421	9.75396E-01	0	0	0
3422	9.74417E-01	0	0	0
3423	9.76135E-01	0	0	0
3424	9.77069E-01	0	0	0
3425	9.77251E-01	0	0	0
3426	9.77380E-01	0	0	0
3427	9.77576E-01	0	0	0
3428	9.79009E-01	0	0	0
3429	9.77486E-01	0	0	0
3430	9.78670E-01	0	0	0
3431	9.79758E-01	0	0	0
3432	9.79662E-01	0	0	0
3433	9.79807E-01	0	0	0
3434	9.81405E-01	0	0	0
3435	9.81169E-01	0	0	0
3436	9.81189E-01	0	0	0
3437	9.81885E-01	0	0	0
3438	9.82133E-01	0	0	0
3439	9.83170E-01	0	0	0
3440	9.83205E-01	0	0	0
3441	9.84754E-01	0	0	0
3442	9.83513E-01	0	0	0
3443	9.84219E-01	0	0	0
3444	9.83630E-01	0	0	0
3445	9.85206E-01	0	0	0
3446	9.86069E-01	0	0	0
3447	9.85925E-01	0	0	0
3448	9.84264E-01	0	0	0
3449	9.85051E-01	0	0	0
3450	9.86886E-01	0	0	0
3451	9.86437E-01	0	0	0
3452	9.86193E-01	0	0	0
3453	9.87581E-01	0	0	0
3454	9.88099E-01	0	0	0
3455	9.86977E-01	0	0	0
3456	9.87205E-01	0	0	0
3457	9.86859E-01	0	0	0
3458	9.88835E-01	0	0	0
3459	9.88605E-01	0	0	0
3460	9.88987E-01	0	0	0
3461	9.89780E-01	0	0	0
3462	9.88961E-01	0	0	0
3463	9.89488E-01	0	0	0
3464	9.90699E-01	0	0	0
3465	9.88593E-01	0	0	0
3466	9.88814E-01	0	0	0
3467	9.88827E-01	0	0	0
3468	9.88418E-01	0	0	0
3469	9.88906E-01	0	0	0
3470	9.88579E-01	0	0	0
3471	9.90149E-01	0	0	0
3472	9.89054E-01	0	0	0
3473	9.89224E-01	0	0	0
3474	9.87852E-01	0	0	0
3475	9.88518E-01	0	0	0
3476	9.89247E-01	0	0	0
3477	9.89253E-01	0	0	0
3478	9.88263E-01	0	0	0
3479	9.89707E-01	0	0	0
3480	9.87560E-01	0	0	0
3481	9.87856E-01	0	0	0
3482	9.88768E-01	0	0	0
3483	9.88582E-01	0	0	0
3484	9.89183E-01	0	0	0
3485	9.89193E-01	0	0	0
3486	9.90626E-01	0	0	0
3487	9.90098E-01	0	0	0
3488	9.90361E-01	0	0	0
3489	9.90584E-01	0	0	0
3490	9.90337E-01	0	0	0
3491	9.90649E-01	0	0	0
3492	9.90553E-01	0	0	0
3493	9.89579E-01	0	0	0
3494	9.90314E-01	0	0	0
3495	9.89992E-01	0	0	0
3496	9.89631E-01	0	0	0
3497	9.89910E-01	0	0	0
3498	9.89829E-01	0	0	0
3499	9.89673E-01	0	0	0
3500	9.90090E-01	0	0	0
3501	9.90356E-01	0	0	0
3502	9.90365E-01	0	0	0
3503	9.90645E-01	0	0	0
3504	9.90184E-01	0	0	0
3505	9.90158E-01	0	0	0
3506	9.90870E-01	0	0	0
3507	9.90245E-01	0	0	0
3508	9.90678E-01	0	0	0
3509	9.91600E-01	0	0	0
3510	9.90744E-01	0	0	0
3511	9.91062E-01	0	0	0
3512	9.92047E-01	0	0	0
3513	9.91628E-01	0	0	0
3514	9.92765E-01	0	0	0
3515	9.91719E-01	0	0	0
3516	9.91826E-01	0	0	0
3517	9.92287E-01	0	0	0
3518	9.93697E-01	0	0	0
3519	9.93956E-01	0	0	0
3520	9.93470E-01	0	0	0
3521	9.94027E-01	0	0	0
3522	9.95105E-01	0	0	0
3523	9.94625E-01	0	0	0
3524	9.94204E-01	0	0	0
3525	9.94081E-01	0	0	0
3526	9.94751E-01	0	0	0
3527	9.94179E-01	0	0	0
3528	9.94863E-01	0	0	0
3529	9.94843E-01	0	0	0
3530	9.95719E-01	0	0	0
3531	9.94956E-01	0	0	0
3532	9.94934E-01	0	0	0
3533	9.95147E-01	0	0	0
3534	9.94831E-01	0	0	0
3535	9.94430E-01	0	0	0
3536	9.94782E-01	0	0	0
3537	9.96093E-01	0	0	0
3538	9.96102E-01	0	0	0
3539	9.95404E-01	0	0	0
3540	9.95067E-01	0	0	0
3541	9.94997E-01	0	0	0
3542	9.94162E-01	0	0	0
3543	9.95603E-01	0	0	0
3544	9.96524E-01	0	0	0
3545	9.95415E-01	0	0	0
3546	9.95424E-01	0	0	0
3547	9.96292E-01	0	0	0
3548	9.95752E-01	0	0	0
3549	9.94877E-01	0	0	0
3550	9.96259E-01	0	0	0
3551	9.95629E-01	0	0	0
3552	9.95331E-01	0	0	0
3553	9.96444E-01	0	0	0
3554	9.96329E-01	0	0	0
3555	9.96159E-01	0	0	0
3556	9.95852E-01	0	0	0
3557	9.95144E-01	0	0	0
3558	9.95761E-01	0	0	0
3559	9.96903E-01	0	0	0
3560	9.96195E-01	0	0	0
3561	9.94526E-01	0	0	0
3562	9.94631E-01	0	0	0
3563	9.94040E-01	0	0	0
3564	9.94913E-01	0	0	0
3565	9.94630E-01	0	0	0
3566	9.94196E-01	0	0	0
3567	9.94262E-01	0	0	0
3568	9.94481E-01	0	0	0
3569	9.93918E-01	0	0	0
3570	9.93806E-01	0	0	0
3571	9.94294E-01	0	0	0
3572	9.93847E-01	0	0	0
3573	9.93325E-01	0	0	0
3574	9.94430E-01	0	0	0
3575	9.95349E-01	0	0	0
3576	9.94258E-01	0	0	0
3577	9.95061E-01	0	0	0
3578	9.93676E-01	0	0	0
3579	9.93616E-01	0	0	0
3580	9.93350E-01	0	0	0
3581	9.93764E-01	0	0	0
3582	9.93745E-01	0	0	0
3583	9.93582E-01	0	0	0
3584	9.93692E-01	0	0	0
3585	9.94429E-01	0	0	0
3586	9.93730E-01	0	0	0
3587	9.92859E-01	0	0	0
3588	9.92572E-01	0	0	0
3589	9.93606E-01	0	0	0
3590	9.93110E-01	0	0	0
3591	9.92502E-01	0	0	0
3592	9.92444E-01	0	0	0
3593	9.92037E-01	0	0	0
3594	9.92316E-01	0	0	0
3595	9.92555E-01	0	0	0
3596	9.91303E-01	0	0	0
3597	9.91466E-01	0	0	0
3598	9.90752E-01	0	0	0
3599	9.92371E-01	0	0	0
3600	9.91737E-01	0	0	0
3601	9.91077E-01	0	0	0
3602	9.90377E-01	0	0	0
3603	9.89821E-01	0	0	0
3604	9.90833E-01	0	0	0
3605	9.91386E-01	0	0	0
3606	9.91758E-01	0	0	0
3607	9.91368E-01	0	0	0
3608	9.90566E-01	0	0	0
3609	9.90978E-01	0	0	0
3610	9.91078E-01	0	0	0
3611	9.90522E-01	0	0	0
3612	9.90496E-01	0	0	0
3613	9.90430E-01	0	0	0
3614	9.89808E-01	0	0	0
3615	9.89666E-01	0	0	0
3616	9.90171E-01	0	0	0
3617	9.88881E-01	0	0	0
3618	9.90920E-01	0	0	0
3619	9.91644E-01	0	0	0
3620	9.90506E-01	0	0	0
3621	9.89773E-01	0	0	0
3622	9.89294E-01	0	0	0
3623	9.89154E-01	0	0	0
3624	9.89028E-01	0	0	0
3625	9.87903E-01	0	0	0
3626	9.87712E-01	0	0	0
3627	9.88425E-01	0	0	0
3628	9.88583E-01	0	0	0
3629	9.87252E-01	0	0	0
3630	9.88173E-01	0	0	0
3631	9.88021E-01	0	0	0
3632	9.87910E-01	0	0	0
3633	9.87808E-01	0	0	0
3634	9.87760E-01	0	0	0
3635	9.86948E-01	0	0	0
3636	9.84924E-01	0	0	0
3637	9.85459E-01	0	0	0
3638	9.84585E-01	0	0	0
3639	9.84357E-01	0	0	0
3640	9.83857E-01	0	0	0
3641	9.84520E-01	0	0	0
3642	9.83750E-01	0	0	0
3643	9.84673E-01	0	0	0
3644	9.83540E-01	0	0	0
3645	9.83326E-01	0	0	0
3646	9.82244E-01	0	0	0
3647	9.81928E-01	0	0	0
3648	9.81855E-01	0	0	0
3649	9.82506E-01	0	0	0
3650	9.81921E-01	0	0	0
3651	9.81876E-01	0	0	0
3652	9.81738E-01	0	0	0
3653	9.81954E-01	0	0	0
3654	9.80083E-01	0	0	0
3655	9.80453E-01	0	0	0
3656	9.79725E-01	0	0	0
3657	9.79978E-01	0	0	0
3658	9.80542E-01	0	0	0
3659	9.79967E-01	0	0	0
3660	9.79793E-01	0	0	0
3661	9.78872E-01	0	0	0
3662	9.79589E-01	0	0	0
3663	9.78575E-01	0	0	0
3664	9.78533E-01	0	0	0
3665	9.79049E-01	0	0	0
3666	9.78579E-01	0	0	0
3667	9.78095E-01	0	0	0
3668	9.78207E-01	0	0	0
3669	9.78039E-01	0	0	0
3670	9.76922E-01	0	0	0
3671	9.76750E-01	0	0	0
3672	9.76578E-01	0	0	0
3673	9.76227E-01	0	0	0
3674	9.76884E-01	0	0	0
3675	9.76001E-01	0	0	0
3676	9.76791E-01	0	0	0
3677	9.76192E-01	0	0	0
3678	9.76178E-01	0	0	0
3679	9.74426E-01	0	0	0
3680	9.75072E-01	0	0	0
3681	9.75099E-01	0	0	0
3682	9.75073E-01	0	0	0
3683	9.75229E-01	0	0	0
3684	9.75071E-01	0	0	0
3685	9.74993E-01	0	0	0
3686	9.74305E-01	0	0	0
3687	9.72061E-01	0	0	0
3688	9.73488E-01	0	0	0
3689	9.73528E-01	0	0	0
3690	9.73543E-01	0	0	0
3691	9.72700E-01	0	0	0
3692	9.72012E-01	0	0	0
3693	9.71586E-01	0	0	0
3694	9.71003E-01	0	0	0
3695	9.71290E-01	0	0	0
3696	9.70720E-01	0	0	0
3697	9.69515E-01	0	0	0
3698	9.70580E-01	0	0	0
3699	9.70427E-01	0	0	0
3700	9.70587E-01	0	0	0
3701	9.69588E-01	0	0	0
3702	9.69538E-01	0	0	0
3703	9.69516E-01	0	0	0
3704	9.68413E-01	0	0	0
3705	9.67872E-01	0	0	0
3706	9.68343E-01	0	0	0
3707	9.68957E-01	0	0	0
3708	9.66361E-01	0	0	0
3709	9.66223E-01	0	0	0
3710	9.64757E-01	0	0	0
3711	9.65748E-01	0	0	0
3712	9.65740E-01	0	0	0
3713	9.65394E-01	0	0	0
3714	9.64903E-01	0	0	0
3715	9.64689E-01	0	0	0
3716	9.64067E-01	0	0	0
3717	9.63577E-01	0	0	0
3718	9.62594E-01	0	0	0
3719	9.63031E-01	0	0	0
3720	9.62423E-01	0	0	0
3721	9.61267E-01	0	0	0
3722	9.61832E-01	0	0	0
3723	9.62034E-01	0	0	0
3724	9.61887E-01	0	0	0
3725	9.61594E-01	0	0	0
3726	9.60683E-01	0	0	0
3727	9.60958E-01	0	0	0
3728	9.60517E-01	0	0	0
3729	9.60717E-01	0	0	0
3730	9.60079E-01	0	0	0
3731	9.59815E-01	0	0	0
3732	9.59793E-01	0	0	0
3733	9.59823E-01	0	0	0
3734	9.58371E-01	0	0	0
3735	9.57706E-01	0	0	0
3736	9.58180E-01	0	0	0
3737	9.58360E-01	0	0	0
3738	9.57573E-01	0	0	0
3739	9.56317E-01	0	0	0
3740	9.56694E-01	0	0	0
3741	9.55982E-01	0	0	0
3742	9.54973E-01	0	0	0
3743	9.54807E-01	0	0	0
3744	9.54316E-01	0	0	0
3745	9.53877E-01	0	0	0
3746	9.53562E-01	0	0	0
3747	9.52530E-01	0	0	0
3748	9.51742E-01	0	0	0
3749	9.52195E-01	0	0	0
3750	9.51732E-01	0	0	0
3751	9.51148E-01	0	0	0
3752	9.51973E-01	0	0	0
3753	9.49799E-01	0	0	0
3754	9.50697E-01	0	0	0
3755	9.49271E-01	0	0	0
3756	9.47645E-01	0	0	0
3757	9.47946E-01	0	0	0
3758	9.47266E-01	0	0	0
3759	9.46654E-01	0	0	0
3760	9.47750E-01	0	0	0
3761	9.47312E-01	0	0	0
3762	9.47053E-01	0	0	0
3763	9.45968E-01	0	0	0
3764	9.46814E-01	0	0	0
3765	9.46996E-01	0	0	0
3766	9.46809E-01	0	0	0
3767	9.46471E-01	0	0	0
3768	9.45936E-01	0	0	0
3769	9.45150E-01	0	0	0
3770	9.45214E-01	0	0	0
3771	9.44033E-01	0	0	0
3772	9.43496E-01	0	0	0
3773	9.43084E-01	0	0	0
3774	9.42374E-01	0	0	0
3775	9.42782E-01	0	0	0
3776	9.43514E-01	0	0	0
3777	9.42605E-01	0	0	0
3778	9.42021E-01	0	0	0
3779	9.41883E-01	0	0	0
3780	9.41078E-01	0	0	0
3781	9.41211E-01	0	0	0
3782	9.40305E-01	0	0	0
3783	9.39973E-01	0	0	0
3784	9.39410E-01	0	0	0
3785	9.38451E-01	0	0	0
3786	9.37600E-01	0	0	0
3787	9.37858E-01	0	0	0
3788	9.37374E-01	0	0	0
3789	9.37186E-01	0	0	0
3790	9.35708E-01	0	0	0
3791	9.36218E-01	0	0	0
3792	9.35985E-01	0	0	0
3793	9.35523E-01	0	0	0
3794	9.32730E-01	0	0	0
3795	9.34108E-01	0	0	0
3796	9.32981E-01	0	0	0
3797	9.33366E-01	0	0	0
3798	9.31241E-01	0	0	0
3799	9.31204E-01	0	0	0
3800	9.28586E-01	0	0	0
3801	9.28970E-01	0	0	0
3802	9.29255E-01	0	0	0
3803	9.29367E-01	0	0	0
3804	9.29480E-01	0	0	0
3805	9.28771E-01	0	0	0
3806	9.27811E-01	0	0	0
3807	9.28073E-01	0	0	0
3808	9.27837E-01	0	0	0
3809	9.27771E-01	0	0	0
3810	9.29098E-01	0	0	0
3811	9.28238E-01	0	0	0
3812	9.28225E-01	0	0	0
3813	9.30200E-01	0	0	0
3814	9.30561E-01	0	0	0
3815	9.31564E-01	0	0	0
3816	9.31725E-01	0	0	0
3817	9.32656E-01	0	0	0
3818	9.33114E-01	0	0	0
3819	9.34394E-01	0	0	0
3820	9.33505E-01	0	0	0
3821	9.34637E-01	0	0	0
3822	9.35350E-01	0	0	0
3823	9.35983E-01	0	0	0
3824	9.37766E-01	0	0	0
3825	9.37579E-01	0	0	0
3826	9.37693E-01	0	0	0
3827	9.37707E-01	0	0	0
3828	9.37320E-01	0	0	0
3829	9.37661E-01	0	0	0
3830	9.37675E-01	0	0	0
3831	9.38265E-01	0	0	0
3832	9.37731E-01	0	0	0
3833	9.38121E-01	0	0	0
3834	9.37284E-01	0	0	0
3835	9.38703E-01	0	0	0
3836	9.38642E-01	0	0	0
3837	9.37535E-01	0	0	0
3838	9.37275E-01	0	0	0
3839	9.38370E-01	0	0	0
3840	9.38766E-01	0	0	0
3841	9.39233E-01	0	0	0
3842	9.38299E-01	0	0	0
3843	9.37967E-01	0	0	0
3844	9.38162E-01	0	0	0
3845	9.38906E-01	0	0	0
3846	9.38224E-01	0	0	0
3847	9.37967E-01	0	0	0
3848	9.38136E-01	0	0	0
3849	9.38859E-01	0	0	0
3850	9.39031E-01	0	0	0
3851	9.38495E-01	0	0	0
3852	9.38192E-01	0	0	0
3853	9.37162E-01	0	0	0
3854	9.37436E-01	0	0	0
3855	9.36529E-01	0	0	0
3856	9.36051E-01	0	0	0
3857	9.35495E-01	0	0	0
3858	9.36394E-01	0	0	0
3859	9.35413E-01	0	0	0
3860	9.35961E-01	0	0	0
3861	9.35655E-01	0	0	0
3862	9.34651E-01	0	0	0
3863	9.33396E-01	0	0	0
3864	9.33493E-01	0	0	0
3865	9.32464E-01	0	0	0
3866	9.33037E-01	0	0	0
3867	9.33162E-01	0	0	0
3868	9.31904E-01	0	0	0
3869	9.32180E-01	0	0	0
3870	9.31851E-01	0	0	0
3871	9.30270E-01	0	0	0
3872	9.30270E-01	0	0	0
3873	9.30595E-01	0	0	0
3874	9.30569E-01	0	0	0
3875	9.28358E-01	0	0	0
3876	9.29338E-01	0	0	0
3877	9.28883E-01	0	0	0
3878	9.28408E-01	0	0	0
3879	9.29162E-01	0	0	0
3880	9.28558E-01	0	0	0
3881	9.28356E-01	0	0	0
3882	9.27376E-01	0	0	0
3883	9.27806E-01	0	0	0
3884	9.27175E-01	0	0	0
3885	9.26549E-01	0	0	0
3886	9.26702E-01	0	0	0
3887	9.26151E-01	0	0	0
3888	9.25749E-01	0	0	0
3889	9.25978E-01	0	0	0
3890	9.25251E-01	0	0	0
3891	9.24850E-01	0	0	0
3892	9.23061E-01	0	0	0
3893	9.22915E-01	0	0	0
3894	9.23145E-01	0	0	0
3895	9.22716E-01	0	0	0
3896	9.22315E-01	0	0	0
3897	9.21460E-01	0	0	0
3898	9.21663E-01	0	0	0
3899	9.21367E-01	0	0	0
3900	9.20490E-01	0	0	0
3901	9.20516E-01	0	0	0
3902	9.19562E-01	0	0	0
3903	9.19185E-01	0	0	0
3904	9.19443E-01	0	0	0
3905	9.18941E-01	0	0	0
3906	9.18085E-01	0	0	0
3907	9.18118E-01	0	0	0
3908	9.16758E-01	0	0	0
3909	9.16127E-01	0	0	0
3910	9.15021E-01	0	0	0
3911	9.15603E-01	0	0	0
3912	9.15128E-01	0	0	0
3913	9.15010E-01	0	0	0
3914	9.13705E-01	0	0	0
3915	9.13328E-01	0	0	0
3916	9.12394E-01	0	0	0
3917	9.11339E-01	0	0	0
3918	9.11040E-01	0	0	0
3919	9.10109E-01	0	0	0
3920	9.10443E-01	0	0	0
3921	9.08574E-01	0	0	0
3922	9.07943E-01	0	0	0
3923	9.06030E-01	0	0	0
3924	9.07424E-01	0	0	0
3925	9.07102E-01	0	0	0
3926	9.06775E-01	0	0	0
3927	9.06782E-01	0	0	0
3928	9.05216E-01	0	0	0
3929	9.05299E-01	0	0	0
3930	9.03536E-01	0	0	0
3931	9.04478E-01	0	0	0
3932	9.04100E-01	0	0	0
3933	9.03319E-01	0	0	0
3934	9.02414E-01	0	0	0
3935	9.01177E-01	0	0	0
3936	9.01539E-01	0	0	0
3937	9.01847E-01	0	0	0
3938	9.01270E-01	0	0	0
3939	8.99981E-01	0	0	0
3940	8.99330E-01	0	0	0
3941	8.98827E-01	0	0	0
3942	8.99188E-01	0	0	0
3943	8.98737E-01	0	0	0
3944	8.97322E-01	0	0	0
3945	8.96975E-01	0	0	0
3946	8.96373E-01	0	0	0
3947	8.95235E-01	0	0	0
3948	8.94862E-01	0	0	0
3949	8.95045E-01	0	0	0
3950	8.93579E-01	0	0	0
3951	8.93459E-01	0	0	0
3952	8.92244E-01	0	0	0
3953	8.91518E-01	0	0	0
3954	8.92007E-01	0	0	0
3955	8.91148E-01	0	0	0
3956	8.91870E-01	0	0	0
3957	8.90957E-01	0	0	0
3958	8.90303E-01	0	0	0
3959	8.90388E-01	0	0	0
3960	8.90266E-01	0	0	0
3961	8.89995E-01	0	0	0
3962	8.88449E-01	0	0	0
3963	8.87617E-01	0	0	0
3964	8.86581E-01	0	0	0
3965	8.87484E-01	0	0	0
3966	8.85679E-01	0	0	0
3967	8.84977E-01	0	0	0
3968	8.85746E-01	0	0	0
3969	8.84588E-01	0	0	0
3970	8.83550E-01	0	0	0
3971	8.83504E-01	0	0	0
3972	8.83129E-01	0	0	0
3973	8.82399E-01	0	0	0
3974	8.81129E-01	0	0	0
3975	8.79890E-01	0	0	0
3976	8.79359E-01	0	0	0
3977	8.78655E-01	0	0	0
3978	8.79733E-01	0	0	0
3979	8.79024E-01	0	0	0
3980	8.78292E-01	0	0	0
3981	8.77156E-01	0	0	0
3982	8.77542E-01	0	0	0
3983	8.75943E-01	0	0	0
3984	8.75416E-01	0	0	0
3985	8.74992E-01	0	0	0
3986	8.74078E-01	0	0	0
3987	8.73524E-01	0	0	0
3988	8.73789E-01	0	0	0
3989	8.74103E-01	0	0	0
3990	8.73013E-01	0	0	0
3991	8.72868E-01	0	0	0
3992	8.72494E-01	0	0	0
3993	8.71584E-01	0	0	0
3994	8.70954E-01	0	0	0
3995	8.68127E-01	0	0	0
3996	8.68747E-01	0	0	0
3997	8.68755E-01	0	0	0
3998	8.66438E-01	0	0	0
3999	8.66879E-01	0	0	0
4000	8.66710E-01	0	0	0
4001	8.66129E-01	0	0	0
4002	8.65065E-01	0	0	0
4003	8.63104E-01	0	0	0
4004	8.62829E-01	0	0	0
4005	8.64013E-01	0	0	0
4006	8.63279E-01	0	0	0
4007	8.62676E-01	0	0	0
4008	8.62017E-01	0	0	0
4009	8.63285E-01	0	0	0
4010	8.60730E-01	0	0	0
4011	8.60428E-01	0	0	0
4012	8.59977E-01	0	0	0
4013	8.59372E-01	0	0	0
4014	8.59176E-01	0	0	0
4015	8.57493E-01	0	0	0
4016	8.58064E-01	0	0	0
4017	8.57456E-01	0	0	0
4018	8.56798E-01	0	0	0
4019	8.56524E-01	0	0	0
4020	8.56533E-01	0	0	0
4021	8.55184E-01	0	0	0
4022	8.55221E-01	0	0	0
4023	8.54486E-01	0	0	0
4024	8.54522E-01	0	0	0
4025	8.54610E-01	0	0	0
4026	8.53256E-01	0	0	0
4027	8.52468E-01	0	0	0
4028	8.52168E-01	0	0	0
4029	8.51047E-01	0	0	0
4030	8.49848E-01	0	0	0
4031	8.50810E-01	0	0	0
4032	8.50280E-01	0	0	0
4033	8.49726E-01	0	0	0
4034	8.49634E-01	0	0	0
4035	8.48047E-01	0	0	0
4036	8.47025E-01	0	0	0
4037	8.46753E-01	0	0	0
4038	8.46583E-01	0	0	0
4039	8.46490E-01	0	0	0
4040	8.45393E-01	0	0	0
4041	8.44322E-01	0	0	0
4042	8.44153E-01	0	0	0
4043	8.45016E-01	0	0	0
4044	8.43996E-01	0	0	0
4045	8.42481E-01	0	0	0
4046	8.42077E-01	0	0	0
4047	8.42139E-01	0	0	0
4048	8.40160E-01	0	0	0
4049	8.40739E-01	0	0	0
4050	8.39689E-01	0	0	0
4051	8.39105E-01	0	0	0
4052	8.39117E-01	0	0	0
4053	8.38454E-01	0	0	0
4054	8.37611E-01	0	0	0
4055	8.37623E-01	0	0	0
4056	8.37350E-01	0	0	0
4057	8.36117E-01	0	0	0
4058	8.35741E-01	0	0	0
4059	8.34149E-01	0	0	0
4060	8.33924E-01	0	0	0
4061	8.33857E-01	0	0	0
4062	8.32009E-01	0	0	0
4063	8.31242E-01	0	0	0
4064	8.31044E-01	0	0	0
4065	8.30720E-01	0	0	0
4066	8.30216E-01	0	0	0
4067	8.29885E-01	0	0	0
4068	8.29612E-01	0	0	0
4069	8.29775E-01	0	0	0
4070	8.29452E-01	0	0	0
4071	8.29826E-01	0	0	0
4072	8.28230E-01	0	0	0
4073	8.28681E-01	0	0	0
4074	8.28148E-01	0	0	0
4075	8.26578E-01	0	0	0
4076	8.26897E-01	0	0	0
4077	8.25663E-01	0	0	0
4078	8.24170E-01	0	0	0
4079	8.23922E-01	0	0	0
4080	8.23904E-01	0	0	0
4081	8.23242E-01	0	0	0
4082	8.22319E-01	0	0	0
4083	8.21681E-01	0	0	0
4084	8.21149E-01	0	0	0
4085	8.21027E-01	0	0	0
4086	8.20570E-01	0	0	0
4087	8.19229E-01	0	0	0
4088	8.19890E-01	0	0	0
4089	8.19279E-01	0	0	0
4090	8.18404E-01	0	0	0
4091	8.17894E-01	0	0	0
4092	8.16865E-01	0	0	0
4093	8.16540E-01	0	0	0
4094	8.15301E-01	0	0	0
4095	8.14997E-01	0	0	0
4096	8.15191E-01	0	0	0
4097	8.14553E-01	0	0	0
4098	8.13235E-01	0	0	0
4099	8.12752E-01	0	0	0
4100	8.12763E-01	0	0	0
4101	8.12619E-01	0	0	0
4102	8.11875E-01	0	0	0
4103	8.11181E-01	0	0	0
4104	8.10722E-01	0	0	0
4105	8.09483E-01	0	0	0
4106	8.08606E-01	0	0	0
4107	8.09349E-01	0	0	0
4108	8.09256E-01	0	0	0
4109	8.08381E-01	0	0	0
4110	8.08574E-01	0	0	0
4111	8.06967E-01	0	0	0
4112	8.06796E-01	0	0	0
4113	8.06624E-01	0	0	0
4114	8.06378E-01	0	0	0
4115	8.04950E-01	0	0	0
4116	8.04338E-01	0	0	0
4117	8.03643E-01	0	0	0
4118	8.01800E-01	0	0	0
4119	8.01522E-01	0	0	0
4120	8.01065E-01	0	0	0
4121	8.00367E-01	0	0	0
4122	7.99517E-01	0	0	0
4123	7.99162E-01	0	0	0
4124	7.97813E-01	0	0	0
4125	7.97954E-01	0	0	0
4126	7.97416E-01	0	0	0
4127	7.96644E-01	0	0	0
4128	7.97286E-01	0	0	0
4129	7.95330E-01	0	0	0
4130	7.93956E-01	0	0	0
4131	7.93442E-01	0	0	0
4132	7.93585E-01	0	0	0
4133	7.93539E-01	0	0	0
4134	7.93788E-01	0	0	0
4135	7.92174E-01	0	0	0
4136	7.90771E-01	0	0	0
4137	7.90809E-01	0	0	0
4138	7.90294E-01	0	0	0
4139	7.89488E-01	0	0	0
4140	7.89139E-01	0	0	0
4141	7.87572E-01	0	0	0
4142	7.87661E-01	0	0	0
4143	7.86701E-01	0	0	0
4144	7.87028E-01	0	0	0
4145	7.86382E-01	0	0	0
4146	7.85182E-01	0	0	0
4147	7.83933E-01	0	0	0
4148	7.84231E-01	0	0	0
4149	7.84480E-01	0	0	0
4150	7.82595E-01	0	0	0
4151	7.81689E-01	0	0	0
4152	7.81805E-01	0	0	0
4153	7.80526E-01	0	0	0
4154	7.80746E-01	0	0	0
4155	7.80417E-01	0	0	0
4156	7.80059E-01	0	0	0
4157	7.79012E-01	0	0	0
4158	7.78734E-01	0	0	0
4159	7.78743E-01	0	0	0
4160	7.77045E-01	0	0	0
4161	7.77105E-01	0	0	0
4162	7.77198E-01	0	0	0
4163	7.74916E-01	0	0	0
4164	7.74480E-01	0	0	0
4165	7.74406E-01	0	0	0
4166	7.73363E-01	0	0	0
4167	7.73216E-01	0	0	0
4168	7.72616E-01	0	0	0
4169	7.72838E-01	0	0	0
4170	7.72030E-01	0	0	0
4171	7.71961E-01	0	0	0
4172	7.71442E-01	0	0	0
4173	7.70608E-01	0	0	0
4174	7.70010E-01	0	0	0
4175	7.69943E-01	0	0	0
4176	7.69400E-01	0	0	0
4177	7.68298E-01	0	0	0
4178	7.68124E-01	0	0	0
4179	7.66551E-01	0	0	0
4180	7.66744E-01	0	0	0
4181	7.66364E-01	0	0	0
4182	7.66722E-01	0	0	0
4183	7.66311E-01	0	0	0
4184	7.65940E-01	0	0	0
4185	7.65168E-01	0	0	0
4186	7.63284E-01	0	0	0
4187	7.62947E-01	0	0	0
4188	7.62164E-01	0	0	0
4189	7.62107E-01	0	0	0
4190	7.62531E-01	0	0	0
4191	7.62141E-01	0	0	0
4192	7.61649E-01	0	0	0
4193	7.61476E-01	0	0	0
4194	7.60792E-01	0	0	0
4195	7.60326E-01	0	0	0
4196	7.61762E-01	0	0	0
4197	7.60947E-01	0	0	0
4198	7.60544E-01	0	0	0
4199	7.59676E-01	0	0	0
4200	7.60944E-01	0	0	0
4201	7.59426E-01	0	0	0
4202	7.61324E-01	0	0	0
4203	7.60922E-01	0	0	0
4204	7.60237E-01	0	0	0
4205	7.59638E-01	0	0	0
4206	7.58351E-01	0	0	0
4207	7.57078E-01	0	0	0
4208	7.55820E-01	0	0	0
4209	7.53836E-01	0	0	0
4210	7.53535E-01	0	0	0
4211	7.51870E-01	0	0	0
4212	7.47591E-01	0	0	0
4213	7.49984E-01	0	0	0
4214	7.47282E-01	0	0	0
4215	7.45852E-01	0	0	0
4216	7.46096E-01	0	0	0
4217	7.40343E-01	0	0	0
4218	7.33690E-01	0	0	0
4219	7.39618E-01	0	0	0
4220	7.39513E-01	0	0	0
4221	7.37975E-01	0	0	0
4222	7.41905E-01	0	0	0
4223	7.42629E-01	0	0	0
4224	7.36256E-01	0	0	0
4225	7.40369E-01	0	0	0
4226	7.46368E-01	0	0	0
4227	7.43197E-01	0	0	0
4228	7.40519E-01	0	0	0
4229	7.40717E-01	0	0	0
4230	7.48014E-01	0	0	0
4231	7.44901E-01	0	0	0
4232	7.47024E-01	0	0	0
4233	7.52118E-01	0	0	0
4234	7.54520E-01	0	0	0
4235	7.51281E-01	0	0	0
4236	7.48183E-01	0	0	0
4237	7.60110E-01	0	0	0
4238	7.62699E-01	0	0	0
4239	7.59990E-01	0	0	0
4240	7.60816E-01	0	0	0
4241	7.61586E-01	0	0	0
4242	7.63945E-01	0	0	0
4243	7.62540E-01	0	0	0
4244	7.61431E-01	0	0	0
4245	7.68571E-01	0	0	0
4246	7.70549E-01	0	0	0
4247	7.67901E-01	0	0	0
4248	7.61614E-01	0	0	0
4249	7.65598E-01	0	0	0
4250	7.67619E-01	0	0	0
4251	7.65517E-01	0	0	0
4252	7.63586E-01	0	0	0
4253	7.69625E-01	0	0	0
4254	7.72695E-01	0	0	0
4255	7.66893E-01	0	0	0
4256	7.80966E-01	0	0	0
4257	7.77184E-01	0	0	0
4258	7.72573E-01	0	0	0
4259	7.72641E-01	0	0	0
4260	7.71202E-01	0	0	0
4261	7.66050E-01	0	0	0
4262	7.69279E-01	0	0	0
4263	7.58867E-01	0	0	0
4264	7.56145E-01	0	0	0
4265	7.55592E-01	0	0	0
4266	7.55163E-01	0	0	0
4267	7.46909E-01	0	0	0
4268	7.51527E-01	0	0	0
4269	7.48502E-01	0	0	0
4270	7.49022E-01	0	0	0
4271	7.45381E-01	0	0	0
4272	7.48718E-01	0	0	0
4273	7.41359E-01	0	0	0
4274	7.33989E-01	0	0	0
4275	7.30623E-01	0	0	0
4276	7.38053E-01	0	0	0
4277	7.35617E-01	0	0	0
4278	7.33644E-01	0	0	0
4279	7.27713E-01	0	0	0
4280	7.22848E-01	0	0	0
4281	7.26458E-01	0	0	0
4282	7.21978E-01	0	0	0
4283	7.16821E-01	0	0	0
4284	7.17703E-01	0	0	0
4285	7.12487E-01	0	0	0
4286	7.14196E-01	0	0	0
4287	7.09399E-01	0	0	0
4288	7.03520E-01	0	0	0
4289	6.99425E-01	0	0	0
4290	7.04088E-01	0	0	0
4291	7.03477E-01	0	0	0
4292	7.04816E-01	0	0	0
4293	7.01898E-01	0	0	0
4294	7.02578E-01	0	0	0
4295	6.98422E-01	0	0	0
4296	6.97041E-01	0	0	0
4297	6.97561E-01	0	0	0
4298	6.99998E-01	0	0	0
4299	7.04368E-01	0	0	0
4300	7.02286E-01	0	0	0
4301	7.01163E-01	0	0	0
4302	7.01616E-01	0	0	0
4303	7.00471E-01	0	0	0
4304	6.99962E-01	0	0	0
4305	7.02711E-01	0	0	0
4306	6.97136E-01	0	0	0
4307	6.99113E-01	0	0	0
4308	6.98848E-01	0	0	0
4309	6.99336E-01	0	0	0
4310	6.97877E-01	0	0	0
4311	6.99168E-01	0	0	0
4312	6.98101E-01	0	0	0
4313	7.00588E-01	0	0	0
4314	6.96496E-01	0	0	0
4315	6.94394E-01	0	0	0
4316	6.95923E-01	0	0	0
4317	6.93969E-01	0	0	0
4318	6.93876E-01	0	0	0
4319	6.94046E-01	0	0	0
4320	6.95653E-01	0	0	0
4321	6.94389E-01	0	0	0
4322	6.92873E-01	0	0	0
4323	6.97600E-01	0	0	0
4324	6.93684E-01	0	0	0
4325	6.96439E-01	0	0	0
4326	6.93478E-01	0	0	0
4327	6.95157E-01	0	0	0
4328	6.94222E-01	0	0	0
4329	6.95492E-01	0	0	0
4330	6.94066E-01	0	0	0
4331	6.93248E-01	0	0	0
4332	6.93719E-01	0	0	0
4333	6.91599E-01	0	0	0
4334	6.90610E-01	0	0	0
4335	6.89853E-01	0	0	0
4336	6.90709E-01	0	0	0
4337	6.89082E-01	0	0	0
4338	6.87472E-01	0	0	0
4339	6.87443E-01	0	0	0
4340	6.87111E-01	0	0	0
4341	6.84541E-01	0	0	0
4342	6.83758E-01	0	0	0
4343	6.83731E-01	0	0	0
4344	6.83148E-01	0	0	0
4345	6.82380E-01	0	0	0
4346	6.81262E-01	0	0	0
4347	6.80927E-01	0	0	0
4348	6.80882E-01	0	0	0
4349	6.79913E-01	0	0	0
4350	6.78997E-01	0	0	0
4351	6.77811E-01	0	0	0
4352	6.77668E-01	0	0	0
4353	6.77214E-01	0	0	0
4354	6.77235E-01	0	0	0
4355	6.75114E-01	0	0	0
4356	6.74239E-01	0	0	0
4357	6.73207E-01	0	0	0
4358	6.73164E-01	0	0	0
4359	6.72529E-01	0	0	0
4360	6.71772E-01	0	0	0
4361	6.71690E-01	0	0	0
4362	6.70427E-01	0	0	0
4363	6.69100E-01	0	0	0
4364	6.68599E-01	0	0	0
4365	6.67694E-01	0	0	0
4366	6.66953E-01	0	0	0
4367	6.66411E-01	0	0	0
4368	6.65626E-01	0	0	0
4369	6.64310E-01	0	0	0
4370	6.64145E-01	0	0	0
4371	6.63790E-01	0	0	0
4372	6.62591E-01	0	0	0
4373	6.62626E-01	0	0	0
4374	6.61241E-01	0	0	0
4375	6.60725E-01	0	0	0
4376	6.60403E-01	0	0	0
4377	6.59006E-01	0	0	0
4378	6.58831E-01	0	0	0
4379	6.58023E-01	0	0	0
4380	6.56386E-01	0	0	0
4381	6.57131E-01	0	0	0
4382	6.56101E-01	0	0	0
4383	6.55389E-01	0	0	0
4384	6.55219E-01	0	0	0
4385	6.55054E-01	0	0	0
4386	6.54509E-01	0	0	0
4387	6.54322E-01	0	0	0
4388	6.54461E-01	0	0	0
4389	6.53724E-01	0	0	0
4390	6.53233E-01	0	0	0
4391	6.52515E-01	0	0	0
4392	6.51361E-01	0	0	0
4393	6.51511E-01	0	0	0
4394	6.51097E-01	0	0	0
4395	6.49800E-01	0	0	0
4396	6.50193E-01	0	0	0
4397	6.49200E-01	0	0	0
4398	6.48953E-01	0	0	0
4399	6.48683E-01	0	0	0
4400	6.49029E-01	0	0	0
4401	6.48022E-01	0	0	0
4402	6.48256E-01	0	0	0
4403	6.47874E-01	0	0	0
4404	6.46979E-01	0	0	0
4405	6.46258E-01	0	0	0
4406	6.46204E-01	0	0	0
4407	6.45793E-01	0	0	0
4408	6.45071E-01	0	0	0
4409	6.43509E-01	0	0	0
4410	6.44069E-01	0	0	0
4411	6.44097E-01	0	0	0
4412	6.43588E-01	0	0	0
4413	6.42638E-01	0	0	0
4414	6.41886E-01	0	0	0
4415	6.41492E-01	0	0	0
4416	6.40709E-01	0	0	0
4417	6.40292E-01	0	0	0
4418	6.40154E-01	0	0	0
4419	6.38815E-01	0	0	0
4420	6.37918E-01	0	0	0
4421	6.37391E-01	0	0	0
4422	6.37240E-01	0	0	0
4423	6.36293E-01	0	0	0
4424	6.36040E-01	0	0	0
4425	6.35170E-01	0	0	0
4426	6.34356E-01	0	0	0
4427	6.34070E-01	0	0	0
4428	6.33123E-01	0	0	0
4429	6.32449E-01	0	0	0
4430	6.32052E-01	0	0	0
4431	6.31572E-01	0	0	0
4432	6.31320E-01	0	0	0
4433	6.31312E-01	0	0	0
4434	6.30105E-01	0	0	0
4435	6.30047E-01	0	0	0
4436	6.28758E-01	0	0	0
4437	6.28473E-01	0	0	0
4438	6.27216E-01	0	0	0
4439	6.27042E-01	0	0	0
4440	6.26808E-01	0	0	0
4441	6.26830E-01	0	0	0
4442	6.25849E-01	0	0	0
4443	6.25705E-01	0	0	0
4444	6.25503E-01	0	0	0
4445	6.24662E-01	0	0	0
4446	6.23538E-01	0	0	0
4447	6.23782E-01	0	0	0
4448	6.24192E-01	0	0	0
4449	6.23488E-01	0	0	0
4450	6.22953E-01	0	0	0
4451	6.22443E-01	0	0	0
4452	6.22185E-01	0	0	0
4453	6.21622E-01	0	0	0
4454	6.20466E-01	0	0	0
4455	6.20237E-01	0	0	0
4456	6.20452E-01	0	0	0
4457	6.19388E-01	0	0	0
4458	6.18936E-01	0	0	0
4459	6.18505E-01	0	0	0
4460	6.17856E-01	0	0	0
4461	6.17233E-01	0	0	0
4462	6.16892E-01	0	0	0
4463	6.16664E-01	0	0	0
4464	6.16373E-01	0	0	0
4465	6.16056E-01	0	0	0
4466	6.15991E-01	0	0	0
4467	6.15537E-01	0	0	0
4468	6.15394E-01	0	0	0
4469	6.15052E-01	0	0	0
4470	6.15011E-01	0	0	0
4471	6.13438E-01	0	0	0
4472	6.13290E-01	0	0	0
4473	6.12949E-01	0	0	0
4474	6.12629E-01	0	0	0
4475	6.11977E-01	0	0	0
4476	6.09986E-01	0	0	0
4477	6.09807E-01	0	0	0
4478	6.09494E-01	0	0	0
4479	6.08981E-01	0	0	0
4480	6.08719E-01	0	0	0
4481	6.08624E-01	0	0	0
4482	6.08055E-01	0	0	0
4483	6.07290E-01	0	0	0
4484	6.07337E-01	0	0	0
4485	6.06963E-01	0	0	0
4486	6.06813E-01	0	0	0
4487	6.05937E-01	0	0	0
4488	6.05030E-01	0	0	0
4489	6.04767E-01	0	0	0
4490	6.04617E-01	0	0	0
4491	6.04520E-01	0	0	0
4492	6.03921E-01	0	0	0
4493	6.03518E-01	0	0	0
4494	6.02752E-01	0	0	0
4495	6.01983E-01	0	0	0
4496	6.02143E-01	0	0	0
4497	6.01179E-01	0	0	0
4498	6.01171E-01	0	0	0
4499	6.01133E-01	0	0	0
4500	5.99777E-01	0	0	0
4501	5.99569E-01	0	0	0
4502	5.98573E-01	0	0	0
4503	5.97805E-01	0	0	0
4504	5.97878E-01	0	0	0
4505	5.97811E-01	0	0	0
4506	5.96369E-01	0	0	0
4507	5.96134E-01	0	0	0
4508	5.96180E-01	0	0	0
4509	5.95773E-01	0	0	0
4510	5.95763E-01	0	0	0
4511	5.94880E-01	0	0	0
4512	5.94728E-01	0	0	0
4513	5.94380E-01	0	0	0
4514	5.93722E-01	0	0	0
4515	5.92809E-01	0	0	0
4516	5.92488E-01	0	0	0
4517	5.92420E-01	0	0	0
4518	5.91731E-01	0	0	0
4519	5.91383E-01	0	0	0
4520	5.90947E-01	0	0	0
4521	5.91190E-01	0	0	0
4522	5.90304E-01	0	0	0
4523	5.89446E-01	0	0	0
4524	5.89014E-01	0	0	0
4525	5.88127E-01	0	0	0
4526	5.87211E-01	0	0	0
4527	5.87819E-01	0	0	0
4528	5.86734E-01	0	0	0
4529	5.86354E-01	0	0	0
4530	5.85835E-01	0	0	0
4531	5.85228E-01	0	0	0
4532	5.84428E-01	0	0	0
4533	5.84836E-01	0	0	0
4534	5.84993E-01	0	0	0
4535	5.84074E-01	0	0	0
4536	5.83667E-01	0	0	0
4537	5.83201E-01	0	0	0
4538	5.81833E-01	0	0	0
4539	5.81480E-01	0	0	0
4540	5.81439E-01	0	0	0
4541	5.81339E-01	0	0	0
4542	5.80220E-01	0	0	0
4543	5.80178E-01	0	0	0
4544	5.79512E-01	0	0	0
4545	5.79525E-01	0	0	0
4546	5.78578E-01	0	0	0
4547	5.78197E-01	0	0	0
4548	5.78185E-01	0	0	0
4549	5.78112E-01	0	0	0
4550	5.77105E-01	0	0	0
4551	5.76523E-01	0	0	0
4552	5.76511E-01	0	0	0
4553	5.76408E-01	0	0	0
4554	5.75513E-01	0	0	0
4555	5.76181E-01	0	0	0
4556	5.75089E-01	0	0	0
4557	5.74507E-01	0	0	0
4558	5.74236E-01	0	0	0
4559	5.73055E-01	0	0	0
4560	5.72899E-01	0	0	0
4561	5.72002E-01	0	0	0
4562	5.71104E-01	0	0	0
4563	5.70581E-01	0	0	0
4564	5.70423E-01	0	0	0
4565	5.70380E-01	0	0	0
4566	5.69284E-01	0	0	0
4567	5.68583E-01	0	0	0
4568	5.68257E-01	0	0	0
4569	5.67754E-01	0	0	0
4570	5.67994E-01	0	0	0
4571	5.67210E-01	0	0	0
4572	5.67196E-01	0	0	0
4573	5.66923E-01	0	0	0
4574	5.65910E-01	0	0	0
4575	5.65322E-01	0	0	0
4576	5.65164E-01	0	0	0
4577	5.64316E-01	0	0	0
4578	5.63874E-01	0	0	0
4579	5.63200E-01	0	0	0
4580	5.62275E-01	0	0	0
4581	5.62598E-01	0	0	0
4582	5.62093E-01	0	0	0
4583	5.61765E-01	0	0	0
4584	5.61490E-01	0	0	0
4585	5.60787E-01	0	0	0
4586	5.60400E-01	0	0	0
4587	5.59380E-01	0	0	0
4588	5.59618E-01	0	0	0
4589	5.58830E-01	0	0	0
4590	5.58154E-01	0	0	0
4591	5.58310E-01	0	0	0
4592	5.58148E-01	0	0	0
4593	5.57128E-01	0	0	0
4594	5.56769E-01	0	0	0
4595	5.56891E-01	0	0	0
4596	5.55671E-01	0	0	0
4597	5.55107E-01	0	0	0
4598	5.54917E-01	0	0	0
4599	5.54241E-01	0	0	0
4600	5.54425E-01	0	0	0
4601	5.53686E-01	0	0	0
4602	5.53010E-01	0	0	0
4603	5.52647E-01	0	0	0
4604	5.52171E-01	0	0	0
4605	5.51175E-01	0	0	0
4606	5.50984E-01	0	0	0
4607	5.50821E-01	0	0	0
4608	5.50227E-01	0	0	0
4609	5.50149E-01	0	0	0
4610	5.49643E-01	0	0	0
4611	5.48961E-01	0	0	0
4612	5.49000E-01	0	0	0
4613	5.47771E-01	0	0	0
4614	5.46946E-01	0	0	0
4615	5.46897E-01	0	0	0
4616	5.46617E-01	0	0	0
4617	5.46022E-01	0	0	0
4618	5.45542E-01	0	0	0
4619	5.45324E-01	0	0	0
4620	5.44613E-01	0	0	0
4621	5.44332E-01	0	0	0
4622	5.43820E-01	0	0	0
4623	5.43456E-01	0	0	0
4624	5.43177E-01	0	0	0
4625	5.42780E-01	0	0	0
4626	5.42095E-01	0	0	0
4627	5.41670E-01	0	0	0
4628	5.41304E-01	0	0	0
4629	5.41687E-01	0	0	0
4630	5.41727E-01	0	0	0
4631	5.41097E-01	0	0	0
4632	5.40582E-01	0	0	0
4633	5.40504E-01	0	0	0
4634	5.39906E-01	0	0	0
4635	5.38872E-01	0	0	0
4636	5.38909E-01	0	0	0
4637	5.38481E-01	0	0	0
4638	5.37678E-01	0	0	0
4639	5.37398E-01	0	0	0
4640	5.37231E-01	0	0	0
4641	5.36513E-01	0	0	0
4642	5.36114E-01	0	0	0
4643	5.35546E-01	0	0	0
4644	5.35293E-01	0	0	0
4645	5.34456E-01	0	0	0
4646	5.33827E-01	0	0	0
4647	5.33543E-01	0	0	0
4648	5.33577E-01	0	0	0
4649	5.33061E-01	0	0	0
4650	5.32023E-01	0	0	0
4651	5.31741E-01	0	0	0
4652	5.30848E-01	0	0	0
4653	5.29838E-01	0	0	0
4654	5.29757E-01	0	0	0
4655	5.30082E-01	0	0	0
4656	5.29446E-01	0	0	0
4657	5.28555E-01	0	0	0
4658	5.27863E-01	0	0	0
4659	5.27633E-01	0	0	0
4660	5.27840E-01	0	0	0
4661	5.27266E-01	0	0	0
4662	5.27154E-01	0	0	0
4663	5.26399E-01	0	0	0
4664	5.25794E-01	0	0	0
4665	5.25189E-01	0	0	0
4666	5.24668E-01	0	0	0
4667	5.24906E-01	0	0	0
4668	5.24502E-01	0	0	0
4669	5.23810E-01	0	0	0
4670	5.23203E-01	0	0	0
4671	5.23203E-01	0	0	0
4672	5.22948E-01	0	0	0
4673	5.21964E-01	0	0	0
4674	5.22056E-01	0	0	0
4675	5.21682E-01	0	0	0
4676	5.21423E-01	0	0	0
4677	5.20377E-01	0	0	0
4678	5.20089E-01	0	0	0
4679	5.19480E-01	0	0	0
4680	5.19279E-01	0	0	0
4681	5.18640E-01	0	0	0
4682	5.18467E-01	0	0	0
4683	5.18148E-01	0	0	0
4684	5.17712E-01	0	0	0
4685	5.17628E-01	0	0	0
4686	5.17189E-01	0	0	0
4687	5.16753E-01	0	0	0
4688	5.16403E-01	0	0	0
4689	5.16081E-01	0	0	0
4690	5.15118E-01	0	0	0
4691	5.15236E-01	0	0	0
4692	5.15121E-01	0	0	0
4693	5.14682E-01	0	0	0
4694	5.14361E-01	0	0	0
4695	5.14129E-01	0	0	0
4696	5.14042E-01	0	0	0
4697	5.13487E-01	0	0	0
4698	5.13606E-01	0	0	0
4699	5.12668E-01	0	0	0
4700	5.11938E-01	0	0	0
4701	5.11734E-01	0	0	0
4702	5.11089E-01	0	0	0
4703	5.11294E-01	0	0	0
4704	5.10360E-01	0	0	0
4705	5.09949E-01	0	0	0
4706	5.09628E-01	0	0	0
4707	5.09099E-01	0	0	0
4708	5.09508E-01	0	0	0
4709	5.08776E-01	0	0	0
4710	5.08658E-01	0	0	0
4711	5.07572E-01	0	0	0
4712	5.07043E-01	0	0	0
4713	5.06955E-01	0	0	0
4714	5.06985E-01	0	0	0
4715	5.05810E-01	0	0	0
4716	5.05485E-01	0	0	0
4717	5.05691E-01	0	0	0
4718	5.05278E-01	0	0	0
4719	5.04984E-01	0	0	0
4720	5.04132E-01	0	0	0
4721	5.03633E-01	0	0	0
4722	5.03749E-01	0	0	0
4723	5.03250E-01	0	0	0
4724	5.03072E-01	0	0	0
4725	5.02897E-01	0	0	0
4726	5.02042E-01	0	0	0
4727	5.01777E-01	0	0	0
4728	5.01245E-01	0	0	0
4729	5.00745E-01	0	0	0
4730	5.00538E-01	0	0	0
4731	5.00387E-01	0	0	0
4732	4.99648E-01	0	0	0
4733	4.98966E-01	0	0	0
4734	4.99049E-01	0	0	0
4735	4.98605E-01	0	0	0
4736	4.97748E-01	0	0	0
4737	4.97920E-01	0	0	0
4738	4.97711E-01	0	0	0
4739	4.97203E-01	0	0	0
4740	4.97143E-01	0	0	0
4741	4.96698E-01	0	0	0
4742	4.96488E-01	0	0	0
4743	4.96571E-01	0	0	0
4744	4.96482E-01	0	0	0
4745	4.95947E-01	0	0	0
4746	4.96182E-01	0	0	0
4747	4.95321E-01	0	0	0
4748	4.94992E-01	0	0	0
4749	4.93925E-01	0	0	0
4750	4.94041E-01	0	0	0
4751	4.94363E-01	0	0	0
4752	4.93707E-01	0	0	0
4753	4.92846E-01	0	0	0
4754	4.92605E-01	0	0	0
4755	4.92187E-01	0	0	0
4756	4.91945E-01	0	0	0
4757	4.91407E-01	0	0	0
4758	4.90991E-01	0	0	0
4759	4.90898E-01	0	0	0
4760	4.90774E-01	0	0	0
4761	4.90801E-01	0	0	0
4762	4.89762E-01	0	0	0
4763	4.89190E-01	0	0	0
4764	4.88861E-01	0	0	0
4765	4.88679E-01	0	0	0
4766	4.88436E-01	0	0	0
4767	4.88016E-01	0	0	0
4768	4.87270E-01	0	0	0
4769	4.86788E-01	0	0	0
4770	4.86455E-01	0	0	0
4771	4.86123E-01	0	0	0
4772	4.86359E-01	0	0	0
4773	4.86474E-01	0	0	0
4774	4.85694E-01	0	0	0
4775	4.85064E-01	0	0	0
4776	4.84913E-01	0	0	0
4777	4.84525E-01	0	0	0
4778	4.83805E-01	0	0	0
4779	4.83920E-01	0	0	0
4780	4.83322E-01	0	0	0
4781	4.82753E-01	0	0	0
4782	4.82484E-01	0	0	0
4783	4.81885E-01	0	0	0
4784	4.81670E-01	0	0	0
4785	4.80893E-01	0	0	0
4786	4.80381E-01	0	0	0
4787	4.80464E-01	0	0	0
4788	4.79769E-01	0	0	0
4789	4.79250E-01	0	0	0
4790	4.79212E-01	0	0	0
4791	4.78518E-01	0	0	0
4792	4.78150E-01	0	0	0
4793	4.78529E-01	0	0	0
4794	4.77533E-01	0	0	0
4795	4.77466E-01	0	0	0
4796	4.76977E-01	0	0	0
4797	4.76729E-01	0	0	0
4798	4.76602E-01	0	0	0
4799	4.75546E-01	0	0	0
4800	4.75956E-01	0	0	0
4801	4.75441E-01	0	0	0
4802	4.74718E-01	0	0	0
4803	4.75007E-01	0	0	0
4804	4.74581E-01	0	0	0
4805	4.73826E-01	0	0	0
4806	4.73939E-01	0	0	0
4807	4.73182E-01	0	0	0
4808	4.73383E-01	0	0	0
4809	4.72539E-01	0	0	0
4810	4.72530E-01	0	0	0
4811	4.71982E-01	0	0	0
4812	4.71312E-01	0	0	0
4813	4.71216E-01	0	0	0
4814	4.70576E-01	0	0	0
4815	4.70327E-01	0	0	0
4816	4.69990E-01	0	0	0
4817	4.69681E-01	0	0	0
4818	4.69189E-01	0	0	0
4819	4.68671E-01	0	0	0
4820	4.68421E-01	0	0	0
4821	4.68321E-01	0	0	0
4822	4.67862E-01	0	0	0
4823	4.67520E-01	0	0	0
4824	4.67512E-01	0	0	0
4825	4.67082E-01	0	0	0
4826	4.66500E-01	0	0	0
4827	4.66491E-01	0	0	0
4828	4.65487E-01	0	0	0
4829	4.65023E-01	0	0	0
4830	4.64925E-01	0	0	0
4831	4.64672E-01	0	0	0
4832	4.64272E-01	0	0	0
4833	4.63816E-01	0	0	0
4834	4.63512E-01	0	0	0
4835	4.62812E-01	0	0	0
4836	4.62053E-01	0	0	0
4837	4.62206E-01	0	0	0
4838	4.61962E-01	0	0	0
4839	4.61506E-01	0	0	0
4840	4.61384E-01	0	0	0
4841	4.61051E-01	0	0	0
4842	4.60350E-01	0	0	0
4843	4.60197E-01	0	0	0
4844	4.60133E-01	0	0	0
4845	4.59417E-01	0	0	0
4846	4.58671E-01	0	0	0
4847	4.58441E-01	0	0	0
4848	4.58211E-01	0	0	0
4849	4.57979E-01	0	0	0
4850	4.57626E-01	0	0	0
4851	4.57550E-01	0	0	0
4852	4.57353E-01	0	0	0
4853	4.57246E-01	0	0	0
4854	4.56713E-01	0	0	0
4855	4.56302E-01	0	0	0
4856	4.55558E-01	0	0	0
4857	4.55570E-01	0	0	0
4858	4.54648E-01	0	0	0
4859	4.54727E-01	0	0	0
4860	4.54500E-01	0	0	0
4861	4.53789E-01	0	0	0
4862	4.53533E-01	0	0	0
4863	4.53308E-01	0	0	0
4864	4.52625E-01	0	0	0
4865	4.52702E-01	0	0	0
4866	4.51657E-01	0	0	0
4867	4.51279E-01	0	0	0
4868	4.51174E-01	0	0	0
4869	4.50158E-01	0	0	0
4870	4.49962E-01	0	0	0
4871	4.50162E-01	0	0	0
4872	4.49388E-01	0	0	0
4873	4.49042E-01	0	0	0
4874	4.49151E-01	0	0	0
4875	4.48376E-01	0	0	0
4876	4.48027E-01	0	0	0
4877	4.47251E-01	0	0	0
4878	4.48153E-01	0	0	0
4879	4.47254E-01	0	0	0
4880	4.46817E-01	0	0	0
4881	4.46009E-01	0	0	0
4882	4.46118E-01	0	0	0
4883	4.45587E-01	0	0	0
4884	4.45178E-01	0	0	0
4885	4.45196E-01	0	0	0
4886	4.45059E-01	0	0	0
4887	4.43945E-01	0	0	0
4888	4.43537E-01	0	0	0
4889	4.43463E-01	0	0	0
4890	4.42996E-01	0	0	0
4891	4.42621E-01	0	0	0
4892	4.42027E-01	0	0	0
4893	4.41560E-01	0	0	0
4894	4.41557E-01	0	0	0
4895	4.41147E-01	0	0	0
4896	4.40092E-01	0	0	0
4897	4.40701E-01	0	0	0
4898	4.39670E-01	0	0	0
4899	4.40064E-01	0	0	0
4900	4.39030E-01	0	0	0
4901	4.38893E-01	0	0	0
4902	4.37919E-01	0	0	0
4903	4.38111E-01	0	0	0
4904	4.37194E-01	0	0	0
4905	4.37260E-01	0	0	0
4906	4.36842E-01	0	0	0
4907	4.36207E-01	0	0	0
4908	4.35666E-01	0	0	0
4909	4.35425E-01	0	0	0
4910	4.34759E-01	0	0	0
4911	4.34926E-01	0	0	0
4912	4.34596E-01	0	0	0
4913	4.34457E-01	0	0	0
4914	4.33980E-01	0	0	0
4915	4.33747E-01	0	0	0
4916	4.33515E-01	0	0	0
4917	4.33124E-01	0	0	0
4918	4.32557E-01	0	0	0
4919	4.32412E-01	0	0	0
4920	4.31934E-01	0	0	0
4921	4.32008E-01	0	0	0
4922	4.31221E-01	0	0	0
4923	4.31386E-01	0	0	0
4924	4.30938E-01	0	0	0
4925	4.30921E-01	0	0	0
4926	4.30473E-01	0	0	0
4927	4.30238E-01	0	0	0
4928	4.30005E-01	0	0	0
4929	4.29432E-01	0	0	0
4930	4.29415E-01	0	0	0
4931	4.29337E-01	0	0	0
4932	4.28608E-01	0	0	0
4933	4.27570E-01	0	0	0
4934	4.27491E-01	0	0	0
4935	4.27380E-01	0	0	0
4936	4.26684E-01	0	0	0
4937	4.25768E-01	0	0	0
4938	4.25840E-01	0	0	0
4939	4.25513E-01	0	0	0
4940	4.25028E-01	0	0	0
4941	4.24360E-01	0	0	0
4942	4.24681E-01	0	0	0
4943	4.23639E-01	0	0	0
4944	4.23440E-01	0	0	0
4945	4.23020E-01	0	0	0
4946	4.22850E-01	0	0	0
4947	4.22554E-01	0	0	0
4948	4.21426E-01	0	0	0
4949	4.21296E-01	0	0	0
4950	4.21266E-01	0	0	0
4951	4.20202E-01	0	0	0
4952	4.20302E-01	0	0	0
4953	4.20151E-01	0	0	0
4954	4.19743E-01	0	0	0
4955	4.19304E-01	0	0	0
4956	4.18262E-01	0	0	0
4957	4.18446E-01	0	0	0
4958	4.18284E-01	0	0	0
4959	4.18584E-01	0	0	0
4960	4.17856E-01	0	0	0
4961	4.17369E-01	0	0	0
4962	4.17325E-01	0	0	0
4963	4.17061E-01	0	0	0
4964	4.16235E-01	0	0	0
4965	4.16541E-01	0	0	0
4966	4.16315E-01	0	0	0
4967	4.15841E-01	0	0	0
4968	4.15308E-01	0	0	0
4969	4.15155E-01	0	0	0
4970	4.15000E-01	0	0	0
4971	4.14227E-01	0	0	0
4972	4.14355E-01	0	0	0
4973	4.14116E-01	0	0	0
4974	4.13316E-01	0	0	0
4975	4.13762E-01	0	0	0
4976	4.13269E-01	0	0	0
4977	4.12939E-01	0	0	0
4978	4.12263E-01	0	0	0
4979	4.11644E-01	0	0	0
4980	4.11715E-01	0	0	0
4981	4.11349E-01	0	0	0
4982	4.10637E-01	0	0	0
4983	4.10798E-01	0	0	0
4984	4.10274E-01	0	0	0
4985	4.10343E-01	0	0	0
4986	4.09692E-01	0	0	0
4987	4.09635E-01	0	0	0
4988	4.08983E-01	0	0	0
4989	4.08270E-01	0	0	0
4990	4.07997E-01	0	0	0
4991	4.07721E-01	0	0	0
4992	4.07571E-01	0	0	0
4993	4.07296E-01	0	0	0
4994	4.07458E-01	0	0	0
4995	4.07373E-01	0	0	0
4996	4.06661E-01	0	0	0
4997	4.06291E-01	0	0	0
4998	4.05829E-01	0	0	0
4999	4.05804E-01	0	0	0
5000	4.06254E-01	0	0	0
